Python 3.9.12 (main, Apr  4 2022, 05:22:27) [MSC v.1916 64 bit (AMD64)] on win32
Type "help", "copyright", "credits" or "license()" for more information.
>>> 
============= RESTART: C:\Users\Dima\Desktop\dl\fashion\TEACHing.py ============
Эпоха  0
X= 
[[10  7]]
Y=  2
Критик  2
Z=  [[0.22725589 0.27546815 0.49727596]]
ВЕСА до Update
W1= 
[[ 0.14357504 -0.18845244 -0.01829395 -0.09003068  0.68968721]
 [-0.27567469  0.19936808 -0.07683576 -0.6910204   0.24708337]]
W2= 
[[-0.35565485 -0.19597586  0.04757561  0.14410558  0.26930065]
 [-0.33268075  0.00328181 -0.35675616  0.39294925 -0.30873297]
 [ 0.0191706   0.20465058 -0.03548483 -0.10976091 -0.27228048]
 [-0.3643297   0.14133482  0.39049016 -0.37302683  0.09552458]
 [-0.20800712  0.07854599  0.22049332  0.09124509  0.22060477]]
b1= 
[[ 0.21326591 -0.37159699 -0.20900746 -0.23809345 -0.38539748]]
b2= 
[[ 0.24904262  0.19468502 -0.22652753 -0.13729476 -0.05667553]]
W3= 
[[-0.02459712 -0.39614323 -0.22726051]
 [-0.06224806 -0.21375927 -0.05854093]
 [-0.09390644  0.16942739  0.1291523 ]
 [-0.14312334 -0.38402106  0.19194994]
 [-0.08948557 -0.1975324  -0.27698564]]
b3= 
[[-0.36853264  0.13413602  0.32043988]]
W4= 
[[-0.46921393 -0.80153487 -0.65048157]
 [-0.50288995 -0.6384057  -0.49957419]
 [-0.53120607 -0.29567313 -0.33169627]
 [-0.575227   -0.79069248 -0.27552835]
 [-0.52725192 -0.62389195 -0.69495708]]
b4= 
[[-0.77683921 -0.3272387  -0.16060346]]
Оценка Эпохи  0 1.0
Эпоха  1
X= 
[[10  5]]
Y=  2
Критик  2
Z=  [[0.21129226 0.25842172 0.53028602]]
ВЕСА до Update
W1= 
[[ 0.1438913  -0.18574612 -0.01831562 -0.09005485  0.68968788]
 [-0.2754533   0.2012625  -0.07685094 -0.69103732  0.24708384]]
W2= 
[[-0.35565223 -0.19573107  0.04780079  0.14544089  0.26893407]
 [-0.33267894  0.00345091 -0.35660061  0.39387164 -0.30898619]
 [ 0.01917232  0.20481156 -0.03533674 -0.10888277 -0.27252155]
 [-0.36432969  0.14133626  0.39049149 -0.37301897  0.09552242]
 [-0.20800103  0.07911474  0.22101651  0.09434762  0.21975304]]
b1= 
[[ 0.21329754 -0.37132635 -0.20900963 -0.23809587 -0.38539741]]
b2= 
[[ 0.24904872  0.19525393 -0.2260042  -0.13419142 -0.05752748]]
W3= 
[[-0.05849264 -0.45118804 -0.253594  ]
 [-0.09961214 -0.26076944 -0.07261887]
 [-0.13185742  0.14432757  0.12268856]
 [-0.18435968 -0.43960186  0.19028021]
 [-0.12787677 -0.24314557 -0.30374733]]
b3= 
[[-0.42794428  0.09900306  0.33910358]]
W4= 
[[-0.47487172 -0.80825506 -0.63810359]
 [-0.50997434 -0.64682037 -0.48407513]
 [-0.53719482 -0.30278644 -0.31859421]
 [-0.58185034 -0.79855952 -0.26103796]
 [-0.53390814 -0.63179804 -0.68039477]]
b4= 
[[-0.78945126 -0.342219   -0.13301111]]
Оценка Эпохи  1 1.0
Эпоха  2
X= 
[[14  5]]
Y=  2
Критик  2
Z=  [[0.19578269 0.24145853 0.56275878]]
ВЕСА до Update
W1= 
[[ 0.14419521 -0.18362507 -0.01838753 -0.09014971  0.68968926]
 [-0.27530135  0.20232303 -0.07688689 -0.69108475  0.24708453]]
W2= 
[[-0.35557915 -0.19532735  0.04816327  0.14725862  0.26853885]
 [-0.33264968  0.00361252 -0.3564555   0.3945993  -0.3091444 ]
 [ 0.01921284  0.2050354  -0.03513576 -0.10787495 -0.27274068]
 [-0.3643284   0.14134338  0.39049788 -0.37298694  0.09551546]
 [-0.20787248  0.07982483  0.22165407  0.09754474  0.21905791]]
b1= 
[[ 0.21332793 -0.37111425 -0.20901682 -0.23810535 -0.38539727]]
b2= 
[[ 0.24917732  0.19596432 -0.22536636 -0.13099292 -0.05822291]]
W3= 
[[-0.09225074 -0.50611192 -0.28018584]
 [-0.13685346 -0.30768838 -0.08691079]
 [-0.16985253  0.1191243   0.11637241]
 [-0.2255125  -0.49513554  0.18847984]
 [-0.16634726 -0.28891063 -0.33027783]]
b3= 
[[-0.48723307  0.06391569  0.35759887]]
W4= 
[[-0.48019587 -0.81457048 -0.62646402]
 [-0.51669081 -0.65478734 -0.46939169]
 [-0.54302211 -0.30969866 -0.3058547 ]
 [-0.58816131 -0.80604549 -0.24724102]
 [-0.54041546 -0.63951691 -0.66616858]]
b4= 
[[-0.80150508 -0.35651704 -0.10665924]]
Оценка Эпохи  2 1.0
Эпоха  3
X= 
[[16  5]]
Y=  2
Критик  2
Z=  [[0.18061099 0.22400984 0.59537917]]
ВЕСА до Update
W1= 
[[ 0.14455526 -0.18189135 -0.01854228 -0.09024186  0.68968941]
 [-0.27517276  0.20294221 -0.07694216 -0.69111766  0.24708458]]
W2= 
[[-0.35541654 -0.19474669  0.04867806  0.14954287  0.26815266]
 [-0.33262032  0.00371738 -0.35636254  0.39501181 -0.30921414]
 [ 0.01928219  0.20528301 -0.03491623 -0.10690085 -0.27290537]
 [-0.36432678  0.14134916  0.39050301 -0.37296418  0.09551161]
 [-0.20764076  0.08065227  0.22238765  0.10079982  0.21850758]]
b1= 
[[ 0.21335364 -0.37099041 -0.20902787 -0.23811193 -0.38539726]]
b2= 
[[ 0.24940905  0.19679178 -0.22463276 -0.12773774 -0.05877326]]
W3= 
[[-0.12591604 -0.56095708 -0.30694921]
 [-0.17394463 -0.35446732 -0.10149288]
 [-0.20790454  0.09381222  0.11022198]
 [-0.26657122 -0.55059545  0.1865116 ]
 [-0.20493746 -0.33486629 -0.35649804]]
b3= 
[[-0.54639134  0.02890862  0.37588332]]
W4= 
[[-0.48524971 -0.82055441 -0.61542626]
 [-0.52303183 -0.66229534 -0.45554267]
 [-0.54871856 -0.31644347 -0.29341344]
 [-0.59416842 -0.81315813 -0.23412128]
 [-0.54683515 -0.64711807 -0.65214774]]
b4= 
[[-0.81302979 -0.37016272 -0.08148885]]
Оценка Эпохи  3 1.0
Эпоха  4
X= 
[[11  5]]
Y=  2
Критик  2
Z=  [[0.16610747 0.20558399 0.62830854]]
ВЕСА до Update
W1= 
[[ 0.14491937 -0.18048936 -0.01876884 -0.09032795  0.68968945]
 [-0.27505897  0.20338034 -0.07701296 -0.69114457  0.2470846 ]]
W2= 
[[-0.35517689 -0.19405098  0.04929333  0.15202321  0.26783362]
 [-0.33259068  0.00380341 -0.35628645  0.39531853 -0.3092536 ]
 [ 0.01937401  0.20554957 -0.0346805  -0.10595053 -0.2730276 ]
 [-0.36432494  0.14135451  0.39050774 -0.37294511  0.09550916]
 [-0.20732526  0.08156818  0.22319765  0.10406521  0.21808757]]
b1= 
[[ 0.2133764  -0.37090279 -0.20904203 -0.23811732 -0.38539726]]
b2= 
[[ 0.24972455  0.1977077  -0.22382276 -0.12447233 -0.05919327]]
W3= 
[[-0.1594964  -0.61571118 -0.33388856]
 [-0.21092891 -0.40113162 -0.11629649]
 [-0.24592735  0.06852053  0.10402195]
 [-0.30756926 -0.60599694  0.18442426]
 [-0.24351435 -0.38082322 -0.38273027]]
b3= 
[[-0.60540643 -0.00595323  0.39387938]]
W4= 
[[-0.49005633 -0.82622392 -0.60495013]
 [-0.52906234 -0.66940845 -0.44239906]
 [-0.55420797 -0.32291834 -0.28144916]
 [-0.59992504 -0.81994818 -0.22157461]
 [-0.55304262 -0.65443992 -0.63861841]]
b4= 
[[-0.82404511 -0.38315552 -0.05748073]]
Оценка Эпохи  4 1.0
Эпоха  5
X= 
[[17  5]]
Y=  2
Критик  2
Z=  [[0.15201759 0.19013842 0.65784399]]
ВЕСА до Update
W1= 
[[ 0.14525327 -0.178789   -0.0189576  -0.09041692  0.68969055]
 [-0.2749072   0.20415322 -0.07709876 -0.69118501  0.2470851 ]]
W2= 
[[-0.35494742 -0.19346183  0.04981867  0.15397871  0.26764608]
 [-0.33251212  0.00400512 -0.35610659  0.39598803 -0.3093178 ]
 [ 0.01949128  0.20585066 -0.03441202 -0.10495116 -0.27312345]
 [-0.36432148  0.14136338  0.39051564 -0.37291568  0.09550634]
 [-0.20694693  0.08253953  0.2240638   0.10728929  0.21777836]]
b1= 
[[ 0.21340676 -0.37074821 -0.20905919 -0.2381254  -0.38539716]]
b2= 
[[ 0.25010296  0.19867926 -0.22295642 -0.12124755 -0.05950254]]
W3= 
[[-0.19305598 -0.67040932 -0.36090468]
 [-0.24792476 -0.44777211 -0.13111234]
 [-0.28377538  0.04347899  0.09739699]
 [-0.34855988 -0.66135295  0.18228402]
 [-0.28182278 -0.42640996 -0.40960116]]
b3= 
[[-0.66428521 -0.0405775   0.41150156]]
W4= 
[[-0.49469861 -0.83164883 -0.59488294]
 [-0.5349287  -0.6762638  -0.42967734]
 [-0.55934099 -0.32891673 -0.27031776]
 [-0.60550437 -0.8264681  -0.20947536]
 [-0.55876799 -0.6611305  -0.62620245]]
b4= 
[[-0.83458479 -0.39547204 -0.03462454]]
Оценка Эпохи  5 1.0
Эпоха  6
X= 
[[13  7]]
Y=  2
Критик  2
Z=  [[0.13904911 0.17276833 0.68818256]]
ВЕСА до Update
W1= 
[[ 0.14561409 -0.17765824 -0.01926439 -0.09049505  0.68969058]
 [-0.27480108  0.2044858  -0.07718899 -0.69120799  0.24708511]]
W2= 
[[-0.35460558 -0.1926558   0.05053     0.15648617  0.26747976]
 [-0.33247565  0.00409111 -0.3560307   0.39625555 -0.30933555]
 [ 0.0196153   0.20614309 -0.03415395 -0.10404144 -0.27318379]
 [-0.36431917  0.14136882  0.39052045 -0.37289874  0.09550521]
 [-0.20651268  0.08356343  0.2249674   0.11047453  0.21756708]]
b1= 
[[ 0.21342798 -0.37068169 -0.20907724 -0.23813    -0.38539716]]
b2= 
[[ 0.25053721  0.19970316 -0.22205282 -0.1180623  -0.05971382]]
W3= 
[[-0.2265075  -0.72500162 -0.38813468]
 [-0.28475871 -0.4942473  -0.14625539]
 [-0.32167223  0.01834493  0.09091337]
 [-0.38945559 -0.71662527  0.17996518]
 [-0.320251   -0.47218124 -0.43616772]]
b3= 
[[-0.72302154 -0.07508956  0.42886907]]
W4= 
[[-0.49908214 -0.83677293 -0.58537531]
 [-0.54043861 -0.68270458 -0.41772666]
 [-0.56438362 -0.33481128 -0.25938058]
 [-0.61081334 -0.83267401 -0.19796048]
 [-0.56446851 -0.66779409 -0.61383835]]
b4= 
[[-0.84465661 -0.40724545 -0.0127793 ]]
Оценка Эпохи  6 1.0
Эпоха  7
X= 
[[11  6]]
Y=  2
Критик  2
Z=  [[0.1264354  0.15764935 0.71591524]]
ВЕСА до Update
W1= 
[[ 0.14603069 -0.17589564 -0.01950508 -0.09051563  0.6896908 ]
 [-0.27457675  0.20543489 -0.07731859 -0.69121907  0.24708523]]
W2= 
[[-0.35435039 -0.19208981  0.05103493  0.15817034  0.26740869]
 [-0.33237139  0.00432236 -0.3558244   0.39694364 -0.30936459]
 [ 0.01974111  0.20642213 -0.03390501 -0.10321112 -0.27321883]
 [-0.36431828  0.14137082  0.39052223 -0.37289281  0.09550496]
 [-0.20604496  0.08460083  0.22589288  0.11356139  0.21743681]]
b1= 
[[ 0.21346003 -0.37054611 -0.20909575 -0.23813158 -0.38539714]]
b2= 
[[ 0.25100495  0.2007406  -0.22112731 -0.11497534 -0.05984409]]
W3= 
[[-0.25999349 -0.77958534 -0.41533879]
 [-0.32162393 -0.54069682 -0.16139283]
 [-0.35939584 -0.00651608  0.08398346]
 [-0.43035149 -0.77183585  0.17758479]
 [-0.35841388 -0.51755794 -0.46339419]]
b3= 
[[-0.78164987 -0.10935052  0.44587747]]
W4= 
[[-0.50338344 -0.84174373 -0.57610321]
 [-0.54583052 -0.68893574 -0.40610358]
 [-0.56907304 -0.34023062 -0.24927181]
 [-0.61597227 -0.83863592 -0.18683964]
 [-0.56968533 -0.67382291 -0.60259271]]
b4= 
[[-0.85431212 -0.41840385  0.00803461]]
Оценка Эпохи  7 1.0
Эпоха  8
X= 
[[12  5]]
Y=  2
Критик  2
Z=  [[0.11459838 0.14412545 0.74127617]]
ВЕСА до Update
W1= 
[[ 0.1463771  -0.17440647 -0.01972543 -0.09055513  0.68969178]
 [-0.2743878   0.20624717 -0.07743879 -0.69124062  0.24708576]]
W2= 
[[-0.35408207 -0.19152226  0.05154033  0.15979057  0.2673748 ]
 [-0.33224544  0.00458876 -0.35558717  0.39770417 -0.30938049]
 [ 0.01988522  0.20672694 -0.03363358 -0.10234096 -0.27323703]
 [-0.36431601  0.1413756   0.39052649 -0.37287914  0.09550468]
 [-0.20555089  0.08564589  0.22682352  0.11654486  0.21737442]]
b1= 
[[ 0.21349152 -0.37041073 -0.20911578 -0.23813517 -0.38539705]]
b2= 
[[ 0.25149911  0.20178583 -0.22019651 -0.11199136 -0.0599065 ]]
W3= 
[[-0.29341244 -0.8340763  -0.4427027 ]
 [-0.35844013 -0.58707343 -0.17665222]
 [-0.39704771 -0.03127763  0.07688235]
 [-0.47121607 -0.826996    0.17512265]
 [-0.39648475 -0.56280886 -0.49083847]]
b3= 
[[-0.84016419 -0.14344842  0.4626088 ]]
W4= 
[[-0.50747976 -0.8464587  -0.56729192]
 [-0.55101006 -0.69489752 -0.39496226]
 [-0.57354072 -0.34537302 -0.23966174]
 [-0.62094786 -0.84436295 -0.17613701]
 [-0.57463991 -0.67952576 -0.59193528]]
b4= 
[[-0.86355395 -0.42904142  0.02791401]]
Оценка Эпохи  8 1.0
Эпоха  9
X= 
[[10  8]]
Y=  2
Критик  2
Z=  [[0.10385794 0.12934585 0.76679621]]
ВЕСА до Update
W1= 
[[ 0.14671821 -0.17318926 -0.01997312 -0.09062952  0.68969247]
 [-0.27424567  0.20675434 -0.07754199 -0.69127161  0.24708604]]
W2= 
[[-0.35375104 -0.19084732  0.05213773  0.16164806  0.26737107]
 [-0.33214653  0.00479042 -0.35540868  0.39825915 -0.30938161]
 [ 0.02004068  0.20704391 -0.03335303 -0.10146864 -0.27323878]
 [-0.36431174  0.14138431  0.39053419 -0.37285519  0.09550463]
 [-0.20503788  0.08669186  0.2277493   0.11942341  0.21736864]]
b1= 
[[ 0.21351994 -0.3703093  -0.20913642 -0.23814137 -0.385397  ]]
b2= 
[[ 0.25201217  0.20283191 -0.21927063 -0.1091125  -0.05991228]]
W3= 
[[-0.32676333 -0.88848863 -0.47021329]
 [-0.39517871 -0.63336119 -0.19207806]
 [-0.43470357 -0.05605114  0.06979719]
 [-0.51202272 -0.88209156  0.172538  ]
 [-0.43457542 -0.60809224 -0.51823047]]
b3= 
[[-0.89858193 -0.17744013  0.47913737]]
W4= 
[[-0.51136703 -0.85093028 -0.55893307]
 [-0.55593659 -0.70056458 -0.38436868]
 [-0.57788516 -0.35037049 -0.23031982]
 [-0.62570267 -0.84983248 -0.16591268]
 [-0.57947842 -0.68509157 -0.58153096]]
b4= 
[[-0.87240045 -0.43921767  0.04693676]]
Оценка Эпохи  9 1.0
Эпоха  10
X= 
[[18  8]]
Y=  2
Критик  2
Z=  [[0.09363073 0.11870928 0.78765999]]
ВЕСА до Update
W1= 
[[ 0.147004   -0.1717997  -0.02015998 -0.09063834  0.68969354]
 [-0.27401705  0.20786599 -0.07769148 -0.69127867  0.24708691]]
W2= 
[[-0.35355867 -0.19046671  0.05247723  0.16266743  0.26738562]
 [-0.33194627  0.00518665 -0.35505524  0.39932037 -0.30936646]
 [ 0.02017592  0.20731149 -0.03311434 -0.10075198 -0.27322855]
 [-0.3643111   0.14138559  0.39053534 -0.37285176  0.09550468]
 [-0.20452423  0.08770814  0.22865584  0.12214534  0.21740748]]
b1= 
[[ 0.21354852 -0.37017034 -0.20915511 -0.23814225 -0.38539689]]
b2= 
[[ 0.25252593  0.20384841 -0.2183639  -0.10639001 -0.05987343]]
W3= 
[[-0.36013784 -0.94287293 -0.4977283 ]
 [-0.43195245 -0.67961987 -0.20749785]
 [-0.47220538 -0.08057024  0.06230358]
 [-0.55287016 -0.93716752  0.16997453]
 [-0.47244924 -0.6530363  -0.54617864]]
b3= 
[[-0.95694042 -0.21122832  0.49540318]]
W4= 
[[-0.51517217 -0.85525631 -0.5508019 ]
 [-0.5607664  -0.70605555 -0.3740479 ]
 [-0.5818828  -0.35491538 -0.22177729]
 [-0.63037382 -0.85514307 -0.15593094]
 [-0.5838667  -0.69008056 -0.5721537 ]]
b4= 
[[-0.88090034 -0.44888112  0.06510009]]
Оценка Эпохи  10 1.0
Эпоха  11
X= 
[[10  7]]
Y=  2
Критик  2
Z=  [[0.08428513 0.10609608 0.80961879]]
ВЕСА до Update
W1= 
[[ 0.14747319 -0.17061572 -0.02046346 -0.09064572  0.68969355]
 [-0.27380852  0.2083922  -0.07782636 -0.69128195  0.24708691]]
W2= 
[[-0.35321324 -0.18979957  0.05306402  0.16440051  0.26743561]
 [-0.33187211  0.00532987 -0.35492926  0.39969244 -0.30935573]
 [ 0.02029749  0.20754629 -0.03290782 -0.10014201 -0.27321096]
 [-0.36431078  0.1413862   0.39053588 -0.37285016  0.09550472]
 [-0.2040016   0.08871752  0.22954365  0.12476748  0.21748311]]
b1= 
[[ 0.21357459 -0.37010456 -0.20917197 -0.23814266 -0.38539689]]
b2= 
[[ 0.25304856  0.20485779 -0.2174761  -0.10376787 -0.0597978 ]]
W3= 
[[-0.39346377 -0.99722383 -0.5253253 ]
 [-0.46861527 -0.72577426 -0.22313282]
 [-0.50982618 -0.10526791  0.05510752]
 [-0.59363046 -0.99216794  0.16724837]
 [-0.51051442 -0.69825274 -0.57366307]]
b3= 
[[-1.01524517 -0.24501076  0.51160949]]
W4= 
[[-0.51877884 -0.85937764 -0.54307388]
 [-0.56527078 -0.71120269 -0.36439638]
 [-0.58592581 -0.35953531 -0.21311436]
 [-0.6347603  -0.86015548 -0.14653205]
 [-0.58839548 -0.69525559 -0.56244988]]
b4= 
[[-0.88903871 -0.45818081  0.08253816]]
Оценка Эпохи  11 1.0
Эпоха  12
X= 
[[12  6]]
Y=  2
Критик  2
Z=  [[0.07559776 0.0962594  0.82814284]]
ВЕСА до Update
W1= 
[[ 0.14775376 -0.16952077 -0.02064797 -0.09066129  0.68969488]
 [-0.27361212  0.20915867 -0.07795551 -0.69129284  0.24708784]]
W2= 
[[-0.35298724 -0.18937272  0.05344263  0.16548789  0.26748187]
 [-0.33169344  0.00566733 -0.35462995  0.40055209 -0.30931916]
 [ 0.02043884  0.20781325 -0.03267103 -0.09946194 -0.27318202]
 [-0.3643095   0.14138862  0.39053802 -0.37284399  0.09550499]
 [-0.20349175  0.08968046  0.23039777  0.12722053  0.21758748]]
b1= 
[[ 0.21360265 -0.36999507 -0.20919042 -0.23814422 -0.38539676]]
b2= 
[[ 0.25355854  0.20582098 -0.21662175 -0.10131417 -0.0596934 ]]
W3= 
[[-0.42678966 -1.05152823 -0.55296884]
 [-0.50533011 -0.77193547 -0.23870896]
 [-0.54733051 -0.1297683   0.0475977 ]
 [-0.63443676 -1.04716918  0.16456905]
 [-0.54840032 -0.74318731 -0.60160867]]
b3= 
[[-1.07352421 -0.2786563   0.52765318]]
W4= 
[[-0.52226541 -0.86332451 -0.53564046]
 [-0.56970768 -0.71622535 -0.35493681]
 [-0.58964958 -0.36375069 -0.2051752 ]
 [-0.63907368 -0.86503832 -0.13733583]
 [-0.59248927 -0.69988984 -0.55372185]]
b4= 
[[-0.89686542 -0.4670408   0.09922485]]
Оценка Эпохи  12 1.0
Эпоха  13
X= 
[[15  5]]
Y=  2
Критик  2
Z=  [[0.06756621 0.08712494 0.84530885]]
ВЕСА до Update
W1= 
[[ 0.14806932 -0.16855751 -0.02086382 -0.09069049  0.68969539]
 [-0.27345434  0.20964029 -0.07806344 -0.69130745  0.24708809]]
W2= 
[[-0.35269296 -0.18882654  0.05392363  0.16684891  0.26755589]
 [-0.33157248  0.00589183 -0.35443224  0.40111151 -0.30928873]
 [ 0.02058161  0.20807823 -0.03243768 -0.09880166 -0.27314611]
 [-0.3643074   0.14139252  0.39054146 -0.37283428  0.09550551]
 [-0.2029891   0.0906134   0.23121937  0.12954527  0.21771391]]
b1= 
[[ 0.21362894 -0.3699148  -0.20920841 -0.23814665 -0.38539671]]
b2= 
[[ 0.25406124  0.206754   -0.21580008 -0.09898923 -0.05956696]]
W3= 
[[-0.4600968  -1.1058098  -0.58065395]
 [-0.54201357 -0.8180582  -0.25435496]
 [-0.58488476 -0.15433239  0.04020152]
 [-0.67522023 -1.10214267  0.16183914]
 [-0.58635942 -0.78821499 -0.62938794]]
b3= 
[[-1.13179349 -0.31229135  0.54367663]]
W4= 
[[-0.5255872  -0.86708978 -0.52855339]
 [-0.57392224 -0.72100259 -0.34594501]
 [-0.59331524 -0.36790575 -0.19735449]
 [-0.64318384 -0.86969722 -0.12856677]
 [-0.59655005 -0.70449276 -0.54505814]]
b4= 
[[-0.90437673 -0.47555493  0.1152503 ]]
Оценка Эпохи  13 1.0
Эпоха  14
X= 
[[14  6]]
Y=  2
Критик  2
Z=  [[0.06043688 0.07787174 0.86169137]]
ВЕСА до Update
W1= 
[[ 0.14836525 -0.16785412 -0.02112159 -0.09074232  0.68969549]
 [-0.27335569  0.20987476 -0.07814936 -0.69132472  0.24708813]]
W2= 
[[-0.35232803 -0.18815867  0.05450714  0.16847925  0.26766215]
 [-0.33150585  0.00601377 -0.3543257   0.40140919 -0.30926933]
 [ 0.02072211  0.20833537 -0.03221301 -0.09817395 -0.2731052 ]
 [-0.36430429  0.14139821  0.39054643 -0.3728204   0.09550642]
 [-0.20249867  0.09151094  0.23200354  0.13173626  0.21785671]]
b1= 
[[ 0.21364867 -0.3698679  -0.20922559 -0.23815011 -0.38539671]]
b2= 
[[ 0.25455167  0.20765155 -0.2150159  -0.09679821 -0.05942416]]
W3= 
[[-0.49338648 -1.16006838 -0.60837951]
 [-0.57867374 -0.86415029 -0.2700549 ]
 [-0.62249103 -0.17896185  0.03292272]
 [-0.71599671 -1.15710632  0.15909239]
 [-0.62439646 -0.83334095 -0.656991  ]]
b3= 
[[-1.19006967 -0.34593343  0.559714  ]]
W4= 
[[-0.52873861 -0.87066814 -0.52182362]
 [-0.57791858 -0.72554035 -0.33741091]
 [-0.59692093 -0.37199994 -0.1896546 ]
 [-0.64710944 -0.87415466 -0.12018373]
 [-0.60058089 -0.7090697  -0.53645037]]
b4= 
[[-0.91158607 -0.483741    0.13064571]]
Оценка Эпохи  14 1.0
Эпоха  15
X= 
[[18  6]]
Y=  2
Критик  2
Z=  [[0.05377319 0.07003152 0.87619529]]
ВЕСА до Update
W1= 
[[ 0.14868089 -0.16709041 -0.02134396 -0.09076695  0.68969562]
 [-0.27322042  0.21020206 -0.07824466 -0.69133528  0.24708819]]
W2= 
[[-0.35201885 -0.18760112  0.05499566  0.16981967  0.26776354]
 [-0.33141722  0.0061736  -0.35418566  0.40179343 -0.30924027]
 [ 0.02085108  0.20856794 -0.03200924 -0.09761481 -0.27306291]
 [-0.36430265  0.14140116  0.39054902 -0.37281329  0.09550696]
 [-0.2020282   0.09235935  0.23274691  0.13377597  0.218011  ]]
b1= 
[[ 0.21367122 -0.36981335 -0.20924148 -0.23815187 -0.3853967 ]]
b2= 
[[ 0.25502215  0.20849998 -0.21427251 -0.09475846 -0.05926987]]
W3= 
[[-0.52670678 -1.21433567 -0.63606574]
 [-0.6153698  -0.91024968 -0.28571164]
 [-0.66009683 -0.20355616  0.0256083 ]
 [-0.75680737 -1.21207576  0.15638562]
 [-0.662423   -0.87841493 -0.68465653]]
b3= 
[[-1.24838468 -0.37955575  0.57577046]]
W4= 
[[-0.53180061 -0.87412672 -0.51530304]
 [-0.58179588 -0.72991983 -0.32915414]
 [-0.6003562  -0.37588013 -0.18233914]
 [-0.65091605 -0.87845428 -0.1120775 ]
 [-0.60440206 -0.71338578 -0.52831312]]
b4= 
[[-0.91853097 -0.49158537  0.14543498]]
Оценка Эпохи  15 1.0
Эпоха  16
X= 
[[11  6]]
Y=  2
Критик  2
Z=  [[0.04797213 0.06196662 0.89006125]]
ВЕСА до Update
W1= 
[[ 0.14897656 -0.16653417 -0.02160102 -0.09078745  0.68969563]
 [-0.27312186  0.21038748 -0.07833035 -0.69134211  0.24708819]]
W2= 
[[-0.35166788 -0.1869749   0.05554075  0.1712995   0.2678888 ]
 [-0.33136868  0.00626022 -0.35411026  0.40199812 -0.30922294]
 [ 0.020967    0.20877476 -0.03182921 -0.09712607 -0.27302154]
 [-0.36430155  0.14140312  0.39055071 -0.37280868  0.09550735]
 [-0.20157673  0.09316487  0.23344807  0.13567951  0.21817213]]
b1= 
[[ 0.21368764 -0.36978245 -0.20925576 -0.23815301 -0.3853967 ]]
b2= 
[[ 0.25547362  0.20930551 -0.21357135 -0.09285491 -0.05910874]]
W3= 
[[-0.56003654 -1.26860471 -0.66374076]
 [-0.65207255 -0.95634451 -0.30136625]
 [-0.6977564  -0.22820774  0.01840493]
 [-0.79764019 -1.2670607   0.15371652]
 [-0.70052555 -0.92357337 -0.71216161]]
b3= 
[[-1.30674715 -0.41321538  0.59191167]]
W4= 
[[-0.53472102 -0.87742763 -0.50908172]
 [-0.58548304 -0.73408737 -0.32129943]
 [-0.60372128 -0.37968364 -0.17517055]
 [-0.65456799 -0.88258203 -0.1042978 ]
 [-0.60817842 -0.71765415 -0.52026838]]
b4= 
[[-0.92520815 -0.4991325   0.15965929]]
Оценка Эпохи  16 1.0
Эпоха  17
X= 
[[13  8]]
Y=  2
Критик  2
Z=  [[0.04265891 0.05512797 0.90221312]]
ВЕСА до Update
W1= 
[[ 0.14922452 -0.16590431 -0.02176027 -0.09080889  0.6896964 ]
 [-0.27298661  0.21073103 -0.07841722 -0.69135381  0.24708861]]
W2= 
[[-0.35143271 -0.18656116  0.05590431  0.17226752  0.26798027]
 [-0.33124921  0.0064704  -0.35392557  0.40248987 -0.30917647]
 [ 0.0210884   0.20898836 -0.03164152 -0.09662633 -0.27297432]
 [-0.36429961  0.14140653  0.39055371 -0.37280069  0.0955081 ]
 [-0.20115171  0.09391263  0.23410514  0.137429    0.21833744]]
b1= 
[[ 0.21371019 -0.36972519 -0.20927024 -0.23815496 -0.38539663]]
b2= 
[[ 0.25589872  0.21005339 -0.21291417 -0.09110514 -0.0589434 ]]
W3= 
[[-0.59341746 -1.32289724 -0.69134113]
 [-0.68885663 -1.00249028 -0.31688859]
 [-0.73540345 -0.25279569  0.0111254 ]
 [-0.83854054 -1.32207955  0.15114884]
 [-0.73858564 -0.96862435 -0.7398166 ]]
b3= 
[[-1.36518958 -0.44688176  0.6081396 ]]
W4= 
[[-0.53758078 -0.88063276 -0.50301683]
 [-0.58913054 -0.73817538 -0.31356392]
 [-0.60685897 -0.38320027 -0.16851624]
 [-0.65815194 -0.88659881 -0.09669707]
 [-0.61163701 -0.72153043 -0.51293351]]
b4= 
[[-0.93166512 -0.50636928  0.17335303]]
Оценка Эпохи  17 1.0
Эпоха  18
X= 
[[13  8]]
Y=  2
Критик  2
Z=  [[0.03779837 0.04905947 0.91314216]]
ВЕСА до Update
W1= 
[[ 0.14950216 -0.16521245 -0.02191991 -0.09081379  0.68969653]
 [-0.27281576  0.2111568  -0.07851546 -0.69135682  0.24708869]]
W2= 
[[-0.35123505 -0.18621712  0.05620671  0.17306249  0.26806188]
 [-0.33112823  0.00668097 -0.35374049  0.40297645 -0.30912652]
 [ 0.02118719  0.2091603  -0.03149039 -0.09622902 -0.27293353]
 [-0.36429923  0.1414072   0.3905543  -0.37279914  0.09550826]
 [-0.20075033  0.09461126  0.2347192   0.13904334  0.21850316]]
b1= 
[[ 0.21373154 -0.36967197 -0.20928252 -0.23815533 -0.38539662]]
b2= 
[[ 0.2563001   0.21075203 -0.21230009 -0.08949075 -0.05877768]]
W3= 
[[-0.62684985 -1.37722752 -0.71885228]
 [-0.72569595 -1.04867098 -0.33232076]
 [-0.77308947 -0.27740288  0.00390407]
 [-0.87949695 -1.377135    0.14867383]
 [-0.77668762 -1.01369517 -0.76740986]]
b3= 
[[-1.42372454 -0.48060337  0.62451529]]
W4= 
[[-0.54036733 -0.88374351 -0.49711953]
 [-0.59266    -0.74211548 -0.30609436]
 [-0.60987492 -0.3865671  -0.16213346]
 [-0.66162416 -0.890475   -0.08934867]
 [-0.61495887 -0.72523877 -0.50590331]]
b4= 
[[-0.93790075 -0.51333039  0.18654978]]
Оценка Эпохи  18 1.0
Эпоха  19
X= 
[[16  5]]
Y=  2
Критик  2
Z=  [[0.03323276 0.04410687 0.92266037]]
ВЕСА до Update
W1= 
[[ 0.14976046 -0.16459221 -0.02206837 -0.09081828  0.68969665]
 [-0.2726568   0.21153848 -0.07860681 -0.69135958  0.24708876]]
W2= 
[[-0.35104865 -0.18589573  0.0564888   0.17379631  0.26814286]
 [-0.33101344  0.0068789  -0.35356676  0.40342836 -0.30907665]
 [ 0.02127991  0.20932017 -0.03135007 -0.095864   -0.27289325]
 [-0.36429887  0.14140782  0.39055485 -0.37279772  0.09550842]
 [-0.20037278  0.09526224  0.23529059  0.14052971  0.21866719]]
b1= 
[[ 0.21375141 -0.36962426 -0.20929394 -0.23815568 -0.38539661]]
b2= 
[[ 0.25667767  0.21140303 -0.21172869 -0.08800434 -0.05861364]]
W3= 
[[-0.66032838 -1.4315937  -0.7462814 ]
 [-0.76259475 -1.09489848 -0.34764665]
 [-0.81082601 -0.30204967 -0.00322712]
 [-0.92051413 -1.43223935  0.1463085 ]
 [-0.81484487 -1.05880915 -0.79490468]]
b3= 
[[-1.48236321 -0.51440589  0.6410756 ]]
W4= 
[[-0.54305781 -0.88674106 -0.4914315 ]
 [-0.59607046 -0.74591517 -0.29888421]
 [-0.6127884  -0.38981311 -0.15597396]
 [-0.66498505 -0.89421947 -0.08224331]
 [-0.61816694 -0.72881298 -0.49912103]]
b4= 
[[-0.9439226  -0.52003953  0.19928077]]
Оценка Эпохи  19 1.0
Эпоха  20
X= 
[[16  5]]
Y=  2
Критик  2
Z=  [[0.02931599 0.03909354 0.93159047]]
ВЕСА до Update
W1= 
[[ 0.14996382 -0.16423398 -0.02225053 -0.09084902  0.68969669]
 [-0.27259325  0.21165043 -0.07866374 -0.69136919  0.24708877]]
W2= 
[[-0.35077146 -0.1854205   0.05690062  0.17486598  0.26826745]
 [-0.33096881  0.00695541 -0.35350046  0.40360059 -0.30905659]
 [ 0.02137905  0.20949013 -0.03120278 -0.09548143 -0.27284869]
 [-0.36429681  0.14141136  0.39055791 -0.37278976  0.09550934]
 [-0.2000159   0.09587408  0.2358208   0.14190687  0.21882759]]
b1= 
[[ 0.21376412 -0.36960187 -0.20930532 -0.2381576  -0.3853966 ]]
b2= 
[[ 0.25703454  0.21201488 -0.21119847 -0.08662717 -0.05845324]]
W3= 
[[-0.69383313 -1.48598957 -0.7736546 ]
 [-0.79953006 -1.14116783 -0.36289419]
 [-0.84865662 -0.32681351 -0.0101472 ]
 [-0.96157758 -1.48739825  0.14404398]
 [-0.85312277 -1.10407409 -0.8221279 ]]
b3= 
[[-1.54110749 -0.54833552  0.65786863]]
W4= 
[[-0.54558855 -0.8895776  -0.48606422]
 [-0.59928737 -0.7495208  -0.29206168]
 [-0.61570925 -0.39308689 -0.14977933]
 [-0.66818346 -0.89780436 -0.07546   ]
 [-0.62142999 -0.73247032 -0.49220064]]
b4= 
[[-0.94971572 -0.52653266  0.21156702]]
Оценка Эпохи  20 1.0
Эпоха  21
X= 
[[14  7]]
Y=  2
Критик  2
Z=  [[0.02592442 0.03432762 0.93974796]]
ВЕСА до Update
W1= 
[[ 0.15015323 -0.16391514 -0.0224186  -0.09087702  0.68969672]
 [-0.27253406  0.21175007 -0.07871626 -0.69137794  0.24708879]]
W2= 
[[-0.35051291 -0.1849808   0.05728129  0.17584554  0.26838836]
 [-0.33092699  0.00702654 -0.35343888  0.40375905 -0.30903703]
 [ 0.02147123  0.20964691 -0.03106706 -0.09513218 -0.27280558]
 [-0.36429489  0.14141463  0.39056074 -0.37278249  0.09551024]
 [-0.1996833   0.09643973  0.23631049  0.143167    0.21898313]]
b1= 
[[ 0.21377596 -0.36958194 -0.20931582 -0.23815935 -0.3853966 ]]
b2= 
[[ 0.25736715  0.21258053 -0.21070878 -0.08536703 -0.0582977 ]]
W3= 
[[-0.72739426 -1.54043392 -0.80092295]
 [-0.83653738 -1.18749926 -0.37800762]
 [-0.8865526  -0.35163371 -0.01694554]
 [-1.00271393 -1.54262055  0.14191576]
 [-0.89147331 -1.14940148 -0.84921603]]
b3= 
[[-1.59998028 -0.58237541  0.67490043]]
W4= 
[[-0.54803633 -0.89231584 -0.4808782 ]
 [-0.60239989 -0.75300266 -0.2854673 ]
 [-0.61853528 -0.39624827 -0.14379192]
 [-0.67128192 -0.90127049 -0.06889541]
 [-0.62458596 -0.73600078 -0.48551422]]
b4= 
[[-0.95531736 -0.532799    0.22343499]]
Оценка Эпохи  21 1.0
Эпоха  22
X= 
[[11  5]]
Y=  2
Критик  2
Z=  [[0.02276493 0.0303567  0.94687837]]
ВЕСА до Update
W1= 
[[ 0.15036744 -0.16351754 -0.0225478  -0.09088371  0.68969679]
 [-0.27242695  0.21194887 -0.07878086 -0.69138129  0.24708882]]
W2= 
[[-0.35032841 -0.18467005  0.05755208  0.17653253  0.26847836]
 [-0.3308549   0.00714795 -0.35333308  0.40402744 -0.30900187]
 [ 0.02154944  0.20977863 -0.03095227 -0.09484097 -0.27276743]
 [-0.36429435  0.14141553  0.39056153 -0.37278049  0.0955105 ]
 [-0.19937613  0.09695708  0.23676132  0.14431073  0.21913296]]
b1= 
[[ 0.21379126 -0.36955354 -0.20932505 -0.23815983 -0.3853966 ]]
b2= 
[[ 0.25767432  0.21309789 -0.21025794 -0.08422329 -0.05814786]]
W3= 
[[-0.76103106 -1.59494124 -0.82805265]
 [-0.87363857 -1.23390774 -0.39295014]
 [-0.92450204 -0.37648311 -0.02366123]
 [-1.04393971 -1.59791442  0.13994853]
 [-0.92987495 -1.19475044 -0.87623148]]
b3= 
[[-1.65899961 -0.61652526  0.69218872]]
W4= 
[[-0.5504499  -0.89499755 -0.47578292]
 [-0.60546136 -0.75640425 -0.27900423]
 [-0.62121336 -0.39922387 -0.13813824]
 [-0.67431676 -0.90464249 -0.06248858]
 [-0.62754921 -0.73929324 -0.47925851]]
b4= 
[[-0.96075554 -0.53884134  0.23491551]]
Оценка Эпохи  22 1.0
Эпоха  23
X= 
[[11  5]]
Y=  2
Критик  2
Z=  [[0.01997464 0.02676277 0.95326258]]
ВЕСА до Update
W1= 
[[ 0.15051917 -0.16323088 -0.02265119 -0.09090833  0.68969743]
 [-0.27235799  0.21207917 -0.07882786 -0.69139248  0.24708911]]
W2= 
[[-0.35015115 -0.18437366  0.05781005  0.17718204  0.26856771]
 [-0.33078439  0.00726585 -0.35323046  0.40428582 -0.30896633]
 [ 0.02163445  0.20992077 -0.03082855 -0.09452947 -0.27272458]
 [-0.36429178  0.14141983  0.39056527 -0.37277106  0.0955118 ]
 [-0.19909203  0.09743211  0.23717477  0.14535172  0.21927618]]
b1= 
[[ 0.21380505 -0.36952748 -0.20933445 -0.23816207 -0.38539654]]
b2= 
[[ 0.25795849  0.21357302 -0.2098444  -0.08318207 -0.05800462]]
W3= 
[[-0.79472874 -1.64950438 -0.85506565]
 [-0.91082619 -1.28039889 -0.40772357]
 [-0.96252431 -0.40140123 -0.03023537]
 [-1.08525042 -1.65328926  0.13814722]
 [-0.96835411 -1.24017151 -0.90309731]]
b3= 
[[-1.7181675  -0.65081554  0.70976602]]
W4= 
[[-0.55277001 -0.8975737  -0.47088666]
 [-0.60843617 -0.75970735 -0.27272632]
 [-0.623806   -0.40210263 -0.13266684]
 [-0.67726308 -0.90791397 -0.05627078]
 [-0.63040734 -0.74246679 -0.47322682]]
b4= 
[[-0.96602257 -0.54468964  0.24603085]]
Оценка Эпохи  23 1.0
Эпоха  24
X= 
[[11  7]]
Y=  2
Критик  2
Z=  [[0.01755541 0.02339228 0.95905231]]
ВЕСА до Update
W1= 
[[ 0.1506581  -0.16297788 -0.02274578 -0.09093059  0.68969802]
 [-0.27229484  0.21219417 -0.07887085 -0.6914026   0.24708938]]
W2= 
[[-0.34998759 -0.18410203  0.05804619  0.17777208  0.26865249]
 [-0.33071919  0.00737414 -0.35313632  0.40452104 -0.30893253]
 [ 0.02171275  0.21005082 -0.03071549 -0.09424698 -0.27268399]
 [-0.3642894   0.14142377  0.3905687  -0.3727625   0.09551303]
 [-0.19883009  0.09786713  0.23755297  0.14629668  0.21941195]]
b1= 
[[ 0.21381768 -0.36950448 -0.20934305 -0.23816409 -0.38539649]]
b2= 
[[ 0.25822048  0.21400814 -0.20946613 -0.0822369  -0.05786882]]
W3= 
[[-0.82849633 -1.70413335 -0.88194292]
 [-0.94810366 -1.32697473 -0.42232244]
 [-1.00062486 -0.42639313 -0.03665744]
 [-1.1266508  -1.70874885  0.13652032]
 [-1.00691938 -1.28567367 -0.92979593]]
b3= 
[[-1.77749387 -0.68525497  0.72765092]]
W4= 
[[-0.55501951 -0.90006752 -0.46614334]
 [-0.61132126 -0.7629058  -0.26664278]
 [-0.62632036 -0.40489007 -0.12736504]
 [-0.68012307 -0.91108458 -0.05024017]
 [-0.63317845 -0.74553887 -0.46738364]]
b4= 
[[-0.97112842 -0.55035003  0.25679708]]
Оценка Эпохи  24 1.0
Эпоха  25
X= 
[[18  6]]
Y=  2
Критик  2
Z=  [[0.01522548 0.02081116 0.96396336]]
ВЕСА до Update
W1= 
[[ 0.15079311 -0.16271538 -0.02282645 -0.09093566  0.68969835]
 [-0.27220892  0.21236121 -0.07892219 -0.69140582  0.24708959]]
W2= 
[[-0.34986993 -0.18390804  0.05821548  0.17819019  0.26871527]
 [-0.33063848  0.0075072  -0.35302021  0.40480783 -0.30888947]
 [ 0.02177662  0.21015612 -0.0306236  -0.09402002 -0.27264991]
 [-0.36428886  0.14142468  0.39056949 -0.37276055  0.09551332]
 [-0.1985906   0.09826197  0.23789753  0.14714768  0.21953974]]
b1= 
[[ 0.21382996 -0.36948062 -0.20935038 -0.23816455 -0.38539646]]
b2= 
[[ 0.25846     0.21440303 -0.20912152 -0.08138579 -0.05774101]]
W3= 
[[-0.86234471 -1.75883603 -0.90866568]
 [-0.98548264 -1.37364239 -0.43672799]
 [-1.03879688 -0.45144337 -0.04294972]
 [-1.16815229 -1.7643001   0.13508619]
 [-1.04556015 -1.33123593 -0.95635896]]
b3= 
[[-1.83698996 -0.71984427  0.74585544]]
W4= 
[[-0.55723169 -0.90250653 -0.46149215]
 [-0.61414989 -0.76602448 -0.26069547]
 [-0.62871681 -0.40753226 -0.1223264 ]
 [-0.68292909 -0.91417833 -0.04434041]
 [-0.63580638 -0.74843627 -0.4618583 ]]
b4= 
[[-0.97609436 -0.55582518  0.26723818]]
Оценка Эпохи  25 1.0
Эпоха  26
X= 
[[14  5]]
Y=  2
Критик  2
Z=  [[0.01330791 0.01821508 0.96847701]]
ВЕСА до Update
W1= 
[[ 0.15092698 -0.16253672 -0.02294037 -0.09094368  0.68969835]
 [-0.2721643   0.21242077 -0.07896016 -0.69140849  0.24708959]]
W2= 
[[-0.34969595 -0.18362189  0.05846156  0.17879971  0.26880885]
 [-0.33061262  0.00754973 -0.35298363  0.40489843 -0.30887556]
 [ 0.02183224  0.21024759 -0.03054495 -0.09382519 -0.27262   ]
 [-0.36428832  0.14142556  0.39057025 -0.37275868  0.09551361]
 [-0.19836896  0.09862651  0.23821101  0.14792417  0.21965894]]
b1= 
[[ 0.21383739 -0.36947069 -0.20935671 -0.238165   -0.38539646]]
b2= 
[[ 0.25868164  0.21476757 -0.20880803 -0.0806093  -0.0576218 ]]
W3= 
[[-0.89625807 -1.8136094  -0.93525277]
 [-1.02293935 -1.42039349 -0.45097237]
 [-1.07707431 -0.47661569 -0.0490145 ]
 [-1.20973741 -1.81994258  0.13382692]
 [-1.08432872 -1.37694794 -0.98264445]]
b3= 
[[-1.89664996 -0.75461569  0.76440597]]
W4= 
[[-0.55933017 -0.90483528 -0.45706492]
 [-0.61680976 -0.7689762  -0.25508388]
 [-0.63114342 -0.41022513 -0.11720692]
 [-0.6855962  -0.91713809 -0.03871353]
 [-0.63852081 -0.75144855 -0.4561316 ]]
b4= 
[[-0.98088403 -0.5611404   0.27734306]]
Оценка Эпохи  26 1.0
Эпоха  27
X= 
[[11  6]]
Y=  2
Критик  2
Z=  [[0.01164966 0.01582509 0.97252525]]
ВЕСА до Update
W1= 
[[ 0.15103967 -0.16237115 -0.02302828 -0.09095958  0.68969843]
 [-0.27212405  0.2124799  -0.07899156 -0.69141417  0.24708961]]
W2= 
[[-0.3495496  -0.1833829   0.05866761  0.17930574  0.26888971]
 [-0.33057819  0.00760595 -0.35293516  0.40501747 -0.30885653]
 [ 0.02188959  0.21034126 -0.03046419 -0.09362687 -0.27258831]
 [-0.36428692  0.14142784  0.39057221 -0.37275385  0.09551438]
 [-0.19816692  0.09895645  0.23849548  0.14862278  0.21977059]]
b1= 
[[ 0.21384544 -0.36945887 -0.20936299 -0.23816613 -0.38539645]]
b2= 
[[ 0.25888369  0.21509752 -0.20852356 -0.07991067 -0.05751016]]
W3= 
[[-0.93025015 -1.86845903 -0.96168488]
 [-1.06049977 -1.46724632 -0.46501131]
 [-1.11543675 -0.50186839 -0.05491388]
 [-1.25142362 -1.87568332  0.132767  ]
 [-1.12318816 -1.42274441 -1.00875459]]
b3= 
[[-1.9564879  -0.78955891  0.78330625]]
W4= 
[[-0.5613753  -0.90709856 -0.45275651]
 [-0.61942052 -0.77186545 -0.24958387]
 [-0.63347981 -0.41281074 -0.11228493]
 [-0.68820038 -0.92002005 -0.0332274 ]
 [-0.64111438 -0.75431877 -0.4506678 ]]
b4= 
[[-0.98554369 -0.5662971   0.28715943]]
Оценка Эпохи  27 1.0
Эпоха  28
X= 
[[18  6]]
Y=  2
Критик  2
Z=  [[0.01005439 0.0139545  0.97599111]]
ВЕСА до Update
W1= 
[[ 0.151139   -0.16220774 -0.02309112 -0.0909669   0.68969874]
 [-0.27206987  0.21256903 -0.07902583 -0.69141817  0.24708979]]
W2= 
[[-0.34944711 -0.18321676  0.05881177  0.17965551  0.26894794]
 [-0.33052459  0.00769284 -0.35285976  0.40520039 -0.30882608]
 [ 0.0219411   0.21042474 -0.03039175 -0.0934511  -0.27255904]
 [-0.36428609  0.14142919  0.39057338 -0.37275101  0.09551486]
 [-0.19798404  0.0992529   0.23875271  0.14924688  0.21987448]]
b1= 
[[ 0.21385447 -0.36944401 -0.20936871 -0.2381668  -0.38539642]]
b2= 
[[ 0.2590666   0.21539402 -0.20826628 -0.07928646 -0.05740624]]
W3= 
[[-0.96432737 -1.92338988 -0.98795063]
 [-1.09817058 -1.51420503 -0.47883398]
 [-1.1538801  -0.52719296 -0.06066049]
 [-1.29321825 -1.93152751  0.13191894]
 [-1.16213258 -1.46861447 -1.03470616]]
b3= 
[[-2.01651074 -0.8246756   0.8025649 ]]
W4= 
[[-0.56339112 -0.90931637 -0.44852289]
 [-0.62200261 -0.77470627 -0.24416095]
 [-0.63569919 -0.41525251 -0.10762377]
 [-0.69076728 -0.92284417 -0.02783638]
 [-0.64355338 -0.75700217 -0.4455454 ]]
b4= 
[[-0.99009024 -0.57129923  0.29670811]]
Оценка Эпохи  28 1.0
Эпоха  29
X= 
[[14  7]]
Y=  2
Критик  2
Z=  [[0.00878461 0.01208589 0.9791295 ]]
ВЕСА до Update
W1= 
[[ 0.15123752 -0.16208827 -0.02317594 -0.09097267  0.68969875]
 [-0.27203703  0.21260886 -0.0790541  -0.69142009  0.24708979]]
W2= 
[[-0.34931564 -0.18300408  0.05899404  0.18009858  0.26902299]
 [-0.3305049   0.0077247  -0.35283246  0.40526676 -0.30881484]
 [ 0.02198289  0.21049235 -0.03033381 -0.09331026 -0.27253519]
 [-0.36428569  0.14142984  0.39057394 -0.37274965  0.09551509]
 [-0.19781681  0.09952342  0.23898456  0.14981047  0.21996994]]
b1= 
[[ 0.21385995 -0.36943738 -0.20937342 -0.23816712 -0.38539642]]
b2= 
[[ 0.25923383  0.21566454 -0.20803443 -0.07872287 -0.05731079]]
W3= 
[[-0.99848005 -1.97840086 -1.0140608 ]
 [-1.1359336  -1.56126062 -0.49246756]
 [-1.19242608 -0.55263106 -0.06619094]
 [-1.33510916 -1.98747397  0.13126945]
 [-1.20119752 -1.5146193  -1.06040245]]
b3= 
[[-2.07671285 -0.85998474  0.82219528]]
W4= 
[[-0.56531839 -0.91144666 -0.44446532]
 [-0.62444674 -0.77740787 -0.23901523]
 [-0.63792898 -0.41771719 -0.1029293 ]
 [-0.6932225  -0.92555803 -0.0226673 ]
 [-0.64604646 -0.75975787 -0.44029663]]
b4= 
[[-0.99448713 -0.5761593   0.30596507]]
Оценка Эпохи  29 1.0
Эпоха  30
X= 
[[11  7]]
Y=  2
Критик  2
Z=  [[0.00764187 0.0104717  0.98188643]]
ВЕСА до Update
W1= 
[[ 0.15133644 -0.1619491  -0.0232367  -0.09097554  0.68969878]
 [-0.27198757  0.21267844 -0.07908448 -0.69142152  0.2470898 ]]
W2= 
[[-0.34922444 -0.18285767  0.05912049  0.18040228  0.26907647]
 [-0.33046867  0.00778286 -0.35278222  0.40538742 -0.30879359]
 [ 0.02202089  0.21055335 -0.03028112 -0.09318372 -0.2725129 ]
 [-0.36428543  0.14143026  0.3905743  -0.37274878  0.09551524]
 [-0.19766611  0.09976537  0.23919352  0.15031234  0.22005833]]
b1= 
[[ 0.21386701 -0.36942744 -0.20937776 -0.23816732 -0.38539642]]
b2= 
[[ 0.25938454  0.21590649 -0.20782548 -0.078221   -0.0572224 ]]
W3= 
[[-1.03272044 -2.03349796 -1.03999712]
 [-1.17380883 -1.60842667 -0.50587848]
 [-1.231059   -0.57815022 -0.07155339]
 [-1.37710981 -2.04352759  0.13083686]
 [-1.24035498 -1.56070878 -1.08592157]]
b3= 
[[-2.13710554 -0.89547818  0.84220052]]
W4= 
[[-0.5672271  -0.91354379 -0.44045948]
 [-0.62687307 -0.78007372 -0.23392306]
 [-0.64005089 -0.42004857 -0.09847601]
 [-0.69564218 -0.92821656 -0.01758909]
 [-0.6483911  -0.76233397 -0.43537588]]
b4= 
[[-0.998785   -0.58088143  0.31498507]]
Оценка Эпохи  30 1.0
Эпоха  31
X= 
[[16  8]]
Y=  2
Критик  2
Z=  [[0.00658548 0.00915489 0.98425963]]
ВЕСА до Update
W1= 
[[ 0.15140942 -0.16183433 -0.02328143 -0.09097815  0.68969896]
 [-0.27194113  0.21275147 -0.07911295 -0.69142318  0.24708992]]
W2= 
[[-0.34915755 -0.18275093  0.05921305  0.18062245  0.26911657]
 [-0.33042256  0.00785643 -0.35271843  0.40553917 -0.30876595]
 [ 0.02205683  0.21061072 -0.03023138 -0.0930654  -0.27249135]
 [-0.36428512  0.14143075  0.39057473 -0.37274776  0.09551543]
 [-0.19753063  0.09998155  0.23938098  0.15075827  0.22013954]]
b1= 
[[ 0.21387365 -0.369417   -0.20938182 -0.23816756 -0.3853964 ]]
b2= 
[[ 0.25952003  0.21612271 -0.20763799 -0.07777501 -0.05714117]]
W3= 
[[-1.06704686 -2.0886808  -1.06576169]
 [-1.21179604 -1.65570504 -0.51906508]
 [-1.26977958 -0.60375463 -0.07674294]
 [-1.41922144 -2.09969235  0.13062638]
 [-1.27960635 -1.60688872 -1.11125632]]
b3= 
[[-2.19768957 -0.93116171  0.8625872 ]]
W4= 
[[-0.56909835 -0.91559135 -0.43654067]
 [-0.62926867 -0.78269503 -0.22890614]
 [-0.64208022 -0.4222691  -0.09422615]
 [-0.69802673 -0.93082579 -0.0125953 ]
 [-0.65061459 -0.76476696 -0.4307194 ]]
b4= 
[[-1.00298353 -0.58547555  0.32377772]]
Оценка Эпохи  31 1.0
Эпоха  32
X= 
[[10  5]]
Y=  2
Критик  2
Z=  [[0.0056924 0.0079478 0.9863598]]
ВЕСА до Update
W1= 
[[ 0.15149869 -0.16172168 -0.02333403 -0.09097923  0.68969897]
 [-0.27189649  0.2128078  -0.07913925 -0.69142373  0.24708992]]
W2= 
[[-0.34908231 -0.18263126  0.05931608  0.18086738  0.26916201]
 [-0.33039538  0.00789967 -0.35268121  0.40562765 -0.30874954]
 [ 0.02208491  0.21065538 -0.03019293 -0.09297399 -0.2724744 ]
 [-0.36428503  0.1414309   0.39057486 -0.37274747  0.09551548]
 [-0.19740794  0.10017671  0.23954899  0.15115767  0.22021363]]
b1= 
[[ 0.21387923 -0.36940996 -0.20938511 -0.23816763 -0.3853964 ]]
b2= 
[[ 0.25964273  0.21631786 -0.20746997 -0.07737561 -0.05706708]]
W3= 
[[-1.10145696 -2.14395161 -1.0913546 ]
 [-1.24988647 -1.70309104 -0.53204085]
 [-1.30859871 -0.62946432 -0.08172864]
 [-1.46143705 -2.15596582  0.13062858]
 [-1.31896921 -1.65318848 -1.13635975]]
b3= 
[[-2.25846218 -0.96704364  0.88336086]]
W4= 
[[-0.57091259 -0.91758079 -0.43273699]
 [-0.63156427 -0.78521232 -0.22409325]
 [-0.64410125 -0.42448531 -0.08998892]
 [-0.70032026 -0.93334081 -0.00778675]
 [-0.6528531  -0.76722164 -0.42602621]]
b4= 
[[-1.00705966 -0.58994533  0.33232363]]
Оценка Эпохи  32 1.0
Эпоха  33
X= 
[[10  8]]
Y=  2
Критик  2
Z=  [[0.00494759 0.0068147  0.98823771]]
ВЕСА до Update
W1= 
[[ 0.15154961 -0.16165051 -0.02336958 -0.09098732  0.6896994 ]
 [-0.27187103  0.21284339 -0.07915703 -0.69142777  0.24709014]]
W2= 
[[-0.34901722 -0.18252829  0.05940487  0.18107709  0.2692021 ]
 [-0.33036407  0.0079492  -0.3526385   0.40572852 -0.30873025]
 [ 0.02211814  0.21070794 -0.0301476  -0.09286693 -0.27245393]
 [-0.36428394  0.14143262  0.39057634 -0.37274395  0.09551615]
 [-0.1972979   0.10035077  0.23969909  0.15151217  0.2202814 ]]
b1= 
[[ 0.21388432 -0.36940284 -0.20938867 -0.23816844 -0.38539636]]
b2= 
[[ 0.25975281  0.216492   -0.20731981 -0.07702096 -0.05699928]]
W3= 
[[-1.13595038 -2.19930794 -1.11677868]
 [-1.28808761 -1.75059197 -0.54479096]
 [-1.34750985 -0.65526829 -0.08652806]
 [-1.50376204 -2.21235254  0.13085343]
 [-1.35843132 -1.69958928 -1.1612629 ]]
b3= 
[[-2.3194263  -1.0031232   0.90452366]]
W4= 
[[-0.57267015 -0.91950586 -0.42905437]
 [-0.63382728 -0.78769101 -0.21935155]
 [-0.6460533  -0.42662339 -0.08589878]
 [-0.70257212 -0.93580728 -0.00306842]
 [-0.65499552 -0.76956824 -0.42153719]]
b4= 
[[-1.0110404  -0.59430544  0.34066448]]
Оценка Эпохи  33 1.0
Эпоха  34
X= 
[[13  8]]
Y=  2
Критик  2
Z=  [[0.00424378 0.00593042 0.9898258 ]]
ВЕСА до Update
W1= 
[[ 0.15159404 -0.16157869 -0.02339824 -0.09098823  0.68969958]
 [-0.27183549  0.21290084 -0.07917995 -0.6914285   0.24709029]]
W2= 
[[-0.34897899 -0.18246815  0.05945705  0.18119885  0.26922609]
 [-0.330322    0.00801539 -0.35258107  0.40586253 -0.30870384]
 [ 0.02214303  0.2107471  -0.03011362 -0.09278765 -0.27243831]
 [-0.36428381  0.14143281  0.39057651 -0.37274356  0.09551623]
 [-0.19720001  0.10050479  0.23983273  0.15182399  0.22034286]]
b1= 
[[ 0.21388876 -0.36939566 -0.20939153 -0.23816853 -0.38539634]]
b2= 
[[ 0.25985072  0.21664605 -0.20718615 -0.07670907 -0.05693782]]
W3= 
[[-1.17053275 -2.25475395 -1.14202412]
 [-1.32640273 -1.79820764 -0.55731236]
 [-1.38650845 -0.68115777 -0.0911545 ]
 [-1.54620096 -2.2688541   0.13130703]
 [-1.3979875  -1.74608158 -1.18598048]]
b3= 
[[-2.38058512 -1.03939744  0.92607584]]
W4= 
[[-0.57441691 -0.921406   -0.42540746]
 [-0.63607186 -0.79013268 -0.2146653 ]
 [-0.64790416 -0.42863678 -0.08203453]
 [-0.70480973 -0.93824137  0.00160327]
 [-0.65701187 -0.77176164 -0.41732744]]
b4= 
[[-1.01494329 -0.59855105  0.34881297]]
Оценка Эпохи  34 1.0
Эпоха  35
X= 
[[15  5]]
Y=  2
Критик  2
Z=  [[0.00360678 0.00518032 0.9912129 ]]
ВЕСА до Update
W1= 
[[ 0.15164762 -0.1615067  -0.0234303  -0.09098902  0.68969961]
 [-0.27180252  0.21294514 -0.07919969 -0.69142899  0.2470903 ]]
W2= 
[[-0.34893475 -0.18239878  0.0595169   0.18133841  0.26925407]
 [-0.33029407  0.00805918 -0.35254329  0.40595063 -0.30868618]
 [ 0.02216425  0.21078038 -0.03008491 -0.09272071 -0.27242489]
 [-0.36428373  0.14143295  0.39057662 -0.3727433   0.09551628]
 [-0.19711197  0.10064283  0.23995183  0.15210173  0.22039853]]
b1= 
[[ 0.21389288 -0.36939012 -0.209394   -0.23816859 -0.38539634]]
b2= 
[[ 0.25993876  0.2167841  -0.20706704 -0.07643132 -0.05688214]]
W3= 
[[-1.20520015 -2.31028984 -1.16709465]
 [-1.36482475 -1.84593589 -0.56961428]
 [-1.42560268 -0.70714939 -0.09558318]
 [-1.5887465  -2.32546793  0.13197954]
 [-1.43764983 -1.79268757 -1.21047821]]
b3= 
[[-2.4419344  -1.07587312  0.94801991]]
W4= 
[[-0.57611402 -0.92325619 -0.42186017]
 [-0.63823286 -0.79248861 -0.21014836]
 [-0.64974884 -0.43064785 -0.07817879]
 [-0.70696444 -0.94059044  0.00610705]
 [-0.65903797 -0.7739705  -0.41309249]]
b4= 
[[-1.01873929 -0.60268945  0.35674737]]
Оценка Эпохи  35 1.0
Эпоха  36
X= 
[[18  5]]
Y=  2
Критик  2
Z=  [[0.0030828  0.00447764 0.99243956]]
ВЕСА до Update
W1= 
[[ 0.15168749 -0.16146334 -0.02346603 -0.09099442  0.68969962]
 [-0.27178923  0.2129596  -0.07921159 -0.69143079  0.24709031]]
W2= 
[[-0.34887499 -0.1823052   0.05959666  0.1815252   0.26929191]
 [-0.33028214  0.00807786 -0.35252736  0.40598794 -0.30867863]
 [ 0.0221862   0.21081474 -0.03005563 -0.09265212 -0.27241099]
 [-0.36428323  0.14143373  0.39057729 -0.37274174  0.0955166 ]
 [-0.19703289  0.10076665  0.24005736  0.15234888  0.22044859]]
b1= 
[[ 0.21389554 -0.36938723 -0.20939638 -0.23816895 -0.38539634]]
b2= 
[[ 0.26001784  0.21690791 -0.20696151 -0.07618417 -0.05683208]]
W3= 
[[-1.23994773 -2.36591191 -1.19199882]
 [-1.40334939 -1.89377454 -0.58170319]
 [-1.46479559 -0.73324912 -0.09980507]
 [-1.63139562 -2.38219342  0.13286727]
 [-1.47742331 -1.83941579 -1.23474257]]
b3= 
[[-2.50347084 -1.11255137  0.97035372]]
W4= 
[[-0.57772894 -0.92502752 -0.41847391]
 [-0.64029393 -0.7947493  -0.20582661]
 [-0.65160715 -0.43268614 -0.07428219]
 [-0.70903071 -0.94285683  0.01043971]
 [-0.66110379 -0.77623639 -0.40876078]]
b4= 
[[-1.02242136 -0.60672813  0.36446813]]
Оценка Эпохи  36 1.0
Эпоха  37
X= 
[[17  6]]
Y=  2
Критик  2
Z=  [[0.00265041 0.0038451  0.99350449]]
ВЕСА до Update
W1= 
[[ 0.15171949 -0.16143221 -0.02350263 -0.09099878  0.68969963]
 [-0.27178034  0.21296824 -0.07922176 -0.691432    0.24709031]]
W2= 
[[-0.34881651 -0.18221389  0.05967409  0.18170622  0.26932914]
 [-0.33027518  0.00808873 -0.35251814  0.40600948 -0.30867419]
 [ 0.02220476  0.21084373 -0.03003104 -0.09259465 -0.27239917]
 [-0.36428289  0.14143425  0.39057774 -0.37274069  0.09551681]
 [-0.19696244  0.10087667  0.24015065  0.15256699  0.22049346]]
b1= 
[[ 0.21389732 -0.3693855  -0.20939841 -0.23816919 -0.38539634]]
b2= 
[[ 0.2600883   0.21701794 -0.20686821 -0.07596606 -0.05678721]]
W3= 
[[-1.27477679 -2.42162036 -1.21673513]
 [-1.44197743 -1.94172269 -0.59357919]
 [-1.50408531 -0.75945207 -0.10382693]
 [-1.67414949 -2.43903004  0.13397089]
 [-1.51730571 -1.88626038 -1.25878163]]
b3= 
[[-2.56519482 -1.14942875  0.99307419]]
W4= 
[[-0.57929556 -0.92674744 -0.41518737]
 [-0.64228776 -0.79693822 -0.20164386]
 [-0.65343879 -0.43469701 -0.07043968]
 [-0.71103986 -0.94506258  0.01465462]
 [-0.66315226 -0.77848531 -0.40446339]]
b4= 
[[-1.02600984 -0.61066775  0.37199623]]
Оценка Эпохи  37 1.0
Эпоха  38
X= 
[[10  5]]
Y=  2
Критик  2
Z=  [[0.00228914 0.00329134 0.99441953]]
ВЕСА до Update
W1= 
[[ 0.15175382 -0.16139915 -0.02353265 -0.09100077  0.68969963]
 [-0.27176822  0.21297991 -0.07923236 -0.6914327   0.24709031]]
W2= 
[[-0.34876891 -0.18213988  0.05973699  0.18185222  0.2693599 ]
 [-0.33026658  0.00810209 -0.35250679  0.40603584 -0.30866864]
 [ 0.02222056  0.21086828 -0.03001018 -0.09254621 -0.27238897]
 [-0.36428273  0.14143451  0.39057796 -0.37274019  0.09551692]
 [-0.19689994  0.10097382  0.24023322  0.15275865  0.22053383]]
b1= 
[[ 0.21389934 -0.36938356 -0.20940018 -0.23816931 -0.38539634]]
b2= 
[[ 0.26015079  0.21711508 -0.20678565 -0.0757744  -0.05674684]]
W3= 
[[-1.30968889 -2.47741618 -1.24130104]
 [-1.48071077 -1.98978155 -0.60523918]
 [-1.54346935 -0.78575375 -0.10765574]
 [-1.71700904 -2.49597772  0.13529126]
 [-1.55729299 -1.93321464 -1.28260616]]
b3= 
[[-2.62710666 -1.18650337  1.01617978]]
W4= 
[[-0.58083941 -0.92843764 -0.41195333]
 [-0.64424875 -0.79908512 -0.19753597]
 [-0.65521614 -0.43664285 -0.06671648]
 [-0.71301178 -0.94722145  0.0187854 ]
 [-0.665134   -0.78065493 -0.40031203]]
b4= 
[[-1.02952291 -0.61451388  0.37935543]]
Оценка Эпохи  38 1.0
Эпоха  39
X= 
[[17  7]]
Y=  2
Критик  2
Z=  [[0.00194265 0.00283301 0.99522435]]
ВЕСА до Update
W1= 
[[ 0.15177781 -0.16137144 -0.02355046 -0.09100455  0.68969984]
 [-0.27175623  0.21299377 -0.07924126 -0.69143459  0.24709041]]
W2= 
[[-0.34873621 -0.18208939  0.05978027  0.18195162  0.2693815 ]
 [-0.33025083  0.00812642 -0.35248593  0.40608373 -0.30865823]
 [ 0.0222372   0.21089398 -0.02998815 -0.09249562 -0.27237797]
 [-0.36428218  0.14143536  0.39057868 -0.37273852  0.09551728]
 [-0.19684475  0.10105906  0.24030628  0.15292645  0.22057031]]
b1= 
[[ 0.21390174 -0.36938079 -0.20940196 -0.23816969 -0.38539632]]
b2= 
[[ 0.26020601  0.21720036 -0.20671255 -0.07560652 -0.05671035]]
W3= 
[[-1.34468442 -2.53329926 -1.26569624]
 [-1.51955268 -2.03795442 -0.61667659]
 [-1.58294361 -0.81214878 -0.11130098]
 [-1.75997604 -2.55303792  0.13683159]
 [-1.59737799 -1.98026948 -1.30623237]]
b3= 
[[-2.68920671 -1.22377454  1.03967011]]
W4= 
[[-0.58236578 -0.9301006  -0.40876399]
 [-0.64621479 -0.80122709 -0.19342796]
 [-0.65691202 -0.43849049 -0.06317297]
 [-0.71497052 -0.94935545  0.02287815]
 [-0.66699463 -0.78268205 -0.39642427]]
b4= 
[[-1.03297865 -0.61827883  0.38657611]]
Оценка Эпохи  39 1.0
Эпоха  40
X= 
[[18  7]]
Y=  2
Критик  2
Z=  [[0.00165423 0.0024312  0.99591457]]
ВЕСА до Update
W1= 
[[ 0.15180782 -0.16134398 -0.02357315 -0.09100531  0.68969984]
 [-0.27174387  0.21300507 -0.0792506  -0.6914349   0.24709041]]
W2= 
[[-0.3487015  -0.18203585  0.05982579  0.18205621  0.26940443]
 [-0.33024275  0.00813888 -0.35247535  0.40610806 -0.3086529 ]
 [ 0.02224884  0.21091193 -0.02997288 -0.09246055 -0.27237028]
 [-0.36428212  0.14143546  0.39057876 -0.37273833  0.09551732]
 [-0.1967958   0.10113455  0.24037047  0.15307392  0.22060264]]
b1= 
[[ 0.2139035  -0.36937917 -0.2094033  -0.23816973 -0.38539632]]
b2= 
[[ 0.26025496  0.21727586 -0.20664837 -0.07545906 -0.05667802]]
W3= 
[[-1.37976105 -2.58926899 -1.28992371]
 [-1.55849624 -2.08623547 -0.62790417]
 [-1.62251159 -0.83864448 -0.11475182]
 [-1.8030457  -2.61020759  0.13858404]
 [-1.63756823 -2.0274377  -1.32963997]]
b3= 
[[-2.75149024 -1.26124174  1.06353996]]
W4= 
[[-0.58385224 -0.93172304 -0.40565509]
 [-0.64809843 -0.80328304 -0.18948837]
 [-0.65860355 -0.44033676 -0.05963516]
 [-0.7168625  -0.95142051  0.02683518]
 [-0.66887706 -0.78473669 -0.3924872 ]]
b4= 
[[-1.03634282 -0.62195076  0.39361221]]
Оценка Эпохи  40 1.0
Эпоха  41
X= 
[[11  8]]
Y=  2
Критик  2
Z=  [[0.00143537 0.00205748 0.99650715]]
ВЕСА до Update
W1= 
[[ 0.15183366 -0.16132189 -0.02359403 -0.09100596  0.68969984]
 [-0.27173382  0.21301366 -0.07925872 -0.69143516  0.24709041]]
W2= 
[[-0.34866953 -0.18198669  0.05986748  0.1821517   0.2694257 ]
 [-0.33023653  0.00814844 -0.35246723  0.40612665 -0.30864876]
 [ 0.02225893  0.21092745 -0.02995972 -0.0924304  -0.27236357]
 [-0.36428206  0.14143554  0.39057883 -0.37273817  0.09551736]
 [-0.19675259  0.10120101  0.24042683  0.15320301  0.22063139]]
b1= 
[[ 0.21390494 -0.36937795 -0.20940446 -0.23816977 -0.38539632]]
b2= 
[[ 0.26029817  0.21734231 -0.20659201 -0.07532996 -0.05664926]]
W3= 
[[-1.41491786 -2.64532417 -1.31398555]
 [-1.59754126 -2.13462465 -0.63892216]
 [-1.66217178 -0.86523859 -0.11801206]
 [-1.84621758 -2.66748623  0.1405477 ]
 [-1.67786144 -2.07471587 -1.35283465]]
b3= 
[[-2.81395581 -1.29890302  1.08778592]]
W4= 
[[-0.58530247 -0.93330595 -0.40262195]
 [-0.64993464 -0.80528724 -0.18564795]
 [-0.66026496 -0.44215017 -0.05616034]
 [-0.71871033 -0.9534374   0.03069991]
 [-0.6707302  -0.78675937 -0.38861139]]
b4= 
[[-1.03963161 -0.62554044  0.40049069]]
Оценка Эпохи  41 1.0
Эпоха  42
X= 
[[15  8]]
Y=  2
Критик  2
Z=  [[0.001211   0.00177009 0.99701891]]
ВЕСА до Update
W1= 
[[ 0.15185152 -0.16130096 -0.02360606 -0.09100628  0.68969988]
 [-0.27172083  0.21302889 -0.07926747 -0.69143539  0.24709044]]
W2= 
[[-0.34865335 -0.18196198  0.05988873  0.18219962  0.26943675]
 [-0.33022172  0.00817106 -0.35244778  0.40617051 -0.30863865]
 [ 0.02226835  0.21094184 -0.02994735 -0.09240251 -0.27235714]
 [-0.36428202  0.1414356   0.39057889 -0.37273804  0.09551739]
 [-0.1967148   0.10125873  0.24047647  0.15331494  0.2206572 ]]
b1= 
[[ 0.21390656 -0.36937604 -0.20940555 -0.2381698  -0.38539631]]
b2= 
[[ 0.26033597  0.21740004 -0.20654236 -0.07521802 -0.05662345]]
W3= 
[[-1.45015747 -2.7014659  -1.33787803]
 [-1.63669296 -2.18312557 -0.64972173]
 [-1.70191752 -0.89192086 -0.12109857]
 [-1.88949548 -2.72487577  0.14272826]
 [-1.71824705 -2.1220888  -1.37584217]]
b3= 
[[-2.87660501 -1.33675568  1.1124069 ]]
W4= 
[[-0.58675923 -0.93488179 -0.39958935]
 [-0.65180102 -0.8073062  -0.18176262]
 [-0.66182222 -0.44383473 -0.05291852]
 [-0.72057268 -0.95545199  0.03457685]
 [-0.67243076 -0.78859894 -0.38507125]]
b4= 
[[-1.04288543 -0.62906024  0.4072643 ]]
Оценка Эпохи  42 1.0
Эпоха  43
X= 
[[14  6]]
Y=  2
Критик  2
Z=  [[0.00102361 0.00151739 0.997459  ]]
ВЕСА до Update
W1= 
[[ 0.15187246 -0.16128141 -0.02361969 -0.09100655  0.68969988]
 [-0.27170967  0.21303931 -0.07927474 -0.69143553  0.24709044]]
W2= 
[[-0.34863403 -0.18193251  0.05991387  0.18225643  0.26944996]
 [-0.33021329  0.00818392 -0.35243681  0.4061953  -0.30863288]
 [ 0.02227609  0.21095364 -0.02993728 -0.09237975 -0.27235185]
 [-0.36428199  0.14143564  0.39057892 -0.37273797  0.09551741]
 [-0.19668141  0.10130964  0.24051991  0.15341308  0.22068001]]
b1= 
[[ 0.21390796 -0.36937474 -0.20940646 -0.23816981 -0.38539631]]
b2= 
[[ 0.26036935  0.21745095 -0.20649892 -0.07511988 -0.05660064]]
W3= 
[[-1.48547647 -2.75769271 -1.36160604]
 [-1.67594491 -2.23173378 -0.66031376]
 [-1.74175231 -0.91869902 -0.12400016]
 [-1.93287373 -2.78237273  0.1451166 ]
 [-1.75873141 -2.16956823 -1.39864443]]
b3= 
[[-2.93943248 -1.37479951  1.13739732]]
W4= 
[[-0.58817283 -0.93641612 -0.39664142]
 [-0.65359398 -0.80925228 -0.17802358]
 [-0.66338543 -0.44553144 -0.04965861]
 [-0.72236565 -0.95739809  0.03831591]
 [-0.67415682 -0.79047241 -0.38147173]]
b4= 
[[-1.04605474 -0.63250022  0.4138736 ]]
Оценка Эпохи  43 1.0
Эпоха  44
X= 
[[15  8]]
Y=  2
Критик  2
Z=  [[8.73442269e-04 1.28880550e-03 9.97837752e-01]]
ВЕСА до Update
W1= 
[[ 0.15188778 -0.16126799 -0.02363189 -0.09100749  0.68969989]
 [-0.2717031   0.21304507 -0.07927997 -0.69143594  0.24709045]]
W2= 
[[-0.34861435 -0.18190259  0.05993929  0.18231381  0.26946347]
 [-0.33020724  0.00819312 -0.35242899  0.40621293 -0.30862873]
 [ 0.02228389  0.21096551 -0.0299272  -0.09235699 -0.27234649]
 [-0.36428189  0.1414358   0.39057906 -0.37273767  0.09551748]
 [-0.19665206  0.10135428  0.24055783  0.15349869  0.22070018]]
b1= 
[[ 0.21390905 -0.36937378 -0.20940733 -0.23816988 -0.38539631]]
b2= 
[[ 0.2603987   0.21749559 -0.206461   -0.07503427 -0.05658048]]
W3= 
[[-1.52087296 -2.81400254 -1.38517354]
 [-1.71529585 -2.28044811 -0.67070068]
 [-1.7816752  -0.94557183 -0.12671899]
 [-1.97635116 -2.83997603  0.14771047]
 [-1.79931339 -2.21715257 -1.42124417]]
b3= 
[[-3.0024359  -1.41303207  1.16275242]]
W4= 
[[-0.58954192 -0.93790487 -0.39378358]
 [-0.65533951 -0.81115036 -0.17437998]
 [-0.66493057 -0.44721162 -0.04643328]
 [-0.72411365 -0.95929886  0.04196468]
 [-0.67586718 -0.79233226 -0.37790152]]
b4= 
[[-1.04915282 -0.63586907  0.42034053]]
Оценка Эпохи  44 1.0
Эпоха  45
X= 
[[13  5]]
Y=  2
Критик  2
Z=  [[7.35088499e-04 1.10416661e-03 9.98160745e-01]]
ВЕСА до Update
W1= 
[[ 0.15190354 -0.16125427 -0.02364238 -0.0910077   0.68969989]
 [-0.27169469  0.21305238 -0.07928557 -0.69143604  0.24709045]]
W2= 
[[-0.34859949 -0.18188007  0.05995847  0.18235683  0.26947379]
 [-0.33020076  0.00820295 -0.35242062  0.40623171 -0.30862423]
 [ 0.02228984  0.21097453 -0.02991952 -0.09233977 -0.27234235]
 [-0.36428187  0.14143583  0.39057908 -0.37273761  0.09551749]
 [-0.19662639  0.10139317  0.24059096  0.15357298  0.220718  ]]
b1= 
[[ 0.2139101  -0.36937287 -0.20940803 -0.2381699  -0.38539631]]
b2= 
[[ 0.26042437  0.21753448 -0.20642787 -0.07495998 -0.05656265]]
W3= 
[[-1.55634758 -2.87039559 -1.4085797 ]
 [-1.75474573 -2.32926777 -0.68088333]
 [-1.82168395 -0.97253586 -0.12926073]
 [-2.01992751 -2.89768463  0.15050854]
 [-1.8399901  -2.26483752 -1.44364857]]
b3= 
[[-3.06561397 -1.45145047  1.18846802]]
W4= 
[[-0.59089949 -0.93937642 -0.39095446]
 [-0.65706148 -0.81301692 -0.17079144]
 [-0.66643189 -0.44883901 -0.04330457]
 [-0.72583589 -0.96116571  0.04555378]
 [-0.67752486 -0.79412913 -0.37444696]]
b4= 
[[-1.05219641 -0.63916822  0.42668326]]
Оценка Эпохи  45 1.0
Эпоха  46
X= 
[[16  6]]
Y=  2
Критик  2
Z=  [[6.20088255e-04 9.38613044e-04 9.98441299e-01]]
ВЕСА до Update
W1= 
[[ 0.15191377 -0.16124578 -0.02365149 -0.09100913  0.68969991]
 [-0.27169076  0.21305565 -0.07928907 -0.6914366   0.24709045]]
W2= 
[[-0.34858383 -0.18185638  0.05997854  0.18240186  0.26948472]
 [-0.33019631  0.00820968 -0.35241492  0.4062445  -0.30862112]
 [ 0.02229629  0.21098427 -0.02991126 -0.09232125 -0.27233786]
 [-0.3642817   0.14143608  0.3905793  -0.37273712  0.09551761]
 [-0.1966039   0.10142719  0.24061978  0.15363764  0.22073369]]
b1= 
[[ 0.21391089 -0.36937221 -0.20940873 -0.23817001 -0.38539631]]
b2= 
[[ 0.26044687  0.2175685  -0.20639905 -0.07489532 -0.05654696]]
W3= 
[[-1.59189728 -2.92686936 -1.43183005]
 [-1.79429198 -2.37819113 -0.69086591]
 [-1.86177865 -0.99959254 -0.13162388]
 [-2.0636003  -2.95549699  0.15350683]
 [-1.88076191 -2.312625   -1.46585533]]
b3= 
[[-3.12896327 -1.49005317  1.21453913]]
W4= 
[[-0.59220926 -0.94080014 -0.38822098]
 [-0.65873836 -0.81483968 -0.16729181]
 [-0.66792026 -0.45045685 -0.04019836]
 [-0.72751373 -0.96298951  0.04905541]
 [-0.67917103 -0.7959185  -0.37101142]]
b4= 
[[-1.05517225 -0.64240294  0.43289383]]
Оценка Эпохи  46 1.0
Эпоха  47
X= 
[[11  8]]
Y=  2
Критик  2
Z=  [[5.35650863e-04 7.88634813e-04 9.98675714e-01]]
ВЕСА до Update
W1= 
[[ 0.15192372 -0.16123841 -0.02366056 -0.09100972  0.68969991]
 [-0.27168703  0.21305841 -0.07929247 -0.69143682  0.24709045]]
W2= 
[[-0.34856942 -0.18183465  0.0599969   0.18244295  0.2694948 ]
 [-0.3301932   0.00821436 -0.35241096  0.40625336 -0.30861895]
 [ 0.02230132  0.21099187 -0.02990485 -0.09230688 -0.27233433]
 [-0.36428164  0.14143617  0.39057937 -0.37273696  0.09551765]
 [-0.19658427  0.1014568   0.24064478  0.15369362  0.22074743]]
b1= 
[[ 0.21391151 -0.36937175 -0.2094093  -0.23817004 -0.38539631]]
b2= 
[[ 0.26046649  0.21759812 -0.20637404 -0.07483933 -0.05653322]]
W3= 
[[-1.62752128 -2.98342295 -1.45492628]
 [-1.83393258 -2.42721578 -0.70065285]
 [-1.90195851 -1.02674078 -0.1338103 ]
 [-2.10736797 -3.01341127  0.15670191]
 [-1.92162858 -2.36051451 -1.48786521]]
b3= 
[[-3.19248126 -1.5288371   1.24096016]]
W4= 
[[-0.59349218 -0.94219474 -0.38554345]
 [-0.66036987 -0.81661323 -0.16388674]
 [-0.66938841 -0.45205281 -0.03713425]
 [-0.72915296 -0.96477144  0.05247657]
 [-0.68080405 -0.79769369 -0.36760321]]
b4= 
[[-1.05808538 -0.64556968  0.4389737 ]]
Оценка Эпохи  47 1.0
Эпоха  48
X= 
[[12  7]]
Y=  2
Критик  2
Z=  [[4.49120932e-04 6.71897438e-04 9.98878982e-01]]
ВЕСА до Update
W1= 
[[ 0.15193128 -0.16123132 -0.02366601 -0.09100986  0.68969992]
 [-0.27168153  0.21306357 -0.07929644 -0.69143692  0.24709047]]
W2= 
[[-0.34856214 -0.18182371  0.06000625  0.18246358  0.26950002]
 [-0.33018653  0.00822437 -0.3524024   0.40627224 -0.30861418]
 [ 0.02230556  0.21099822 -0.02989941 -0.09229489 -0.2723313 ]
 [-0.36428163  0.1414362   0.3905794  -0.3727369   0.09551766]
 [-0.19656726  0.10148232  0.24066662  0.15374177  0.2207596 ]]
b1= 
[[ 0.2139122  -0.36937111 -0.20940979 -0.23817006 -0.38539631]]
b2= 
[[ 0.2604835   0.21762363 -0.2063522  -0.07479118 -0.05652105]]
W3= 
[[-1.66322115 -3.040057   -1.47786618]
 [-1.87367052 -2.47634374 -0.71023914]
 [-1.9422184  -1.05397339 -0.13583233]
 [-2.15123269 -3.07142849  0.16009697]
 [-1.96258228 -2.40849563 -1.50969644]]
b3= 
[[-3.25616813 -1.56779989  1.26772895]]
W4= 
[[-0.59478592 -0.94358889 -0.38285557]
 [-0.6620276  -0.8183996  -0.16044264]
 [-0.67077158 -0.45354333 -0.03426056]
 [-0.73080772 -0.96655462  0.05591451]
 [-0.6823144  -0.79932125 -0.36446531]]
b4= 
[[-1.06097479 -0.64868333  0.44497675]]
Оценка Эпохи  48 1.0
Эпоха  49
X= 
[[15  8]]
Y=  2
Критик  2
Z=  [[3.77284453e-04 5.69778445e-04 9.99052937e-01]]
ВЕСА до Update
W1= 
[[ 0.15193847 -0.16122548 -0.02367131 -0.09101009  0.68969993]
 [-0.27167733  0.21306697 -0.07929953 -0.69143705  0.24709047]]
W2= 
[[-0.34855422 -0.18181186  0.06001635  0.18248584  0.2695057 ]
 [-0.33018197  0.00823119 -0.35239659  0.40628506 -0.30861091]
 [ 0.02230941  0.21100399 -0.0298945  -0.09228407 -0.27232854]
 [-0.36428159  0.14143625  0.39057944 -0.37273682  0.09551768]
 [-0.19655243  0.10150453  0.24068553  0.15378349  0.22077024]]
b1= 
[[ 0.2139128  -0.36937062 -0.20941023 -0.23817007 -0.38539631]]
b2= 
[[ 0.26049834  0.21764584 -0.20633329 -0.07474945 -0.05651041]]
W3= 
[[-1.69899444 -3.09676978 -1.50065393]
 [-1.91350227 -2.52557226 -0.71963106]
 [-1.98255899 -1.08129267 -0.13768699]
 [-2.19519109 -3.12954614  0.16368616]
 [-2.0036247  -2.45657206 -1.53134366]]
b3= 
[[-3.32001994 -1.6069396   1.29483959]]
W4= 
[[-0.59604482 -0.94494863 -0.38023692]
 [-0.66363651 -0.82013738 -0.15709595]
 [-0.67214972 -0.45503185 -0.03139391]
 [-0.73241443 -0.96829003  0.05925664]
 [-0.68382774 -0.8009558  -0.36131741]]
b4= 
[[-1.06380015 -0.65173498  0.45085376]]
Оценка Эпохи  49 1.0
