Python 3.9.12 (main, Apr  4 2022, 05:22:27) [MSC v.1916 64 bit (AMD64)] on win32
Type "help", "copyright", "credits" or "license()" for more information.
>>> 
============= RESTART: C:\Users\Dima\Desktop\dl\fashion\TEACHing.py ============
Эпоха  0
X= 
[[5 7]]
Y=  1
Критик  1
Z=  [[0.34166328 0.41057045 0.24776628]]
ВЕСА до Update
W1= 
[[ 0.0578781  -0.24078005  0.50775202 -0.46034107  0.32513082]
 [ 0.54183374  0.36517222  0.19525691  0.38909645  0.22664415]]
W2= 
[[-0.25028238 -0.28038842 -0.20138505 -0.19829311  0.03775966]
 [-0.31355242 -0.14334062 -0.31898034  0.12918356 -0.35748006]
 [-0.24578532  0.24491115  0.31103558  0.01701731 -0.09500136]
 [-0.30120811 -0.3685092   0.04844816 -0.16409598  0.01730365]
 [ 0.17630992  0.00179235 -0.27024719 -0.10470985  0.11765177]]
b1= 
[[-0.4338894   0.24636384 -0.12039852  0.13928512 -0.45311805]]
b2= 
[[-0.01631758  0.28499717 -0.08221834 -0.0111142   0.42129291]]
W3= 
[[ 0.03475199  0.39087349  0.37352604]
 [-0.42971467  0.22509726  0.06941922]
 [-0.25789354  0.06787557 -0.20193328]
 [ 0.30939253 -0.00148063 -0.04777306]
 [ 0.29807253  0.27464601  0.128915  ]]
b3= 
[[ 0.36416156  0.14618066 -0.07568513]]
W4= 
[[-0.41613047 -0.09760572 -0.11312175]
 [-0.83156208 -0.24588049 -0.38512316]
 [-0.67788059 -0.38650384 -0.62782822]
 [-0.1704845  -0.44853792 -0.48994312]
 [-0.18060942 -0.20156273 -0.33190851]]
b4= 
[[-0.1214976  -0.31646564 -0.51490843]]
Оценка Эпохи  0 1.0
Эпоха  1
X= 
[[0 8]]
Y=  1
Критик  1
Z=  [[0.33389872 0.43183854 0.23426275]]
ВЕСА до Update
W1= 
[[ 0.05768966 -0.24214516  0.50787538 -0.46195202  0.32508223]
 [ 0.54156993  0.36326105  0.19542962  0.38684112  0.22657613]]
W2= 
[[-0.24888381 -0.2770098  -0.19920344 -0.19949241  0.03811934]
 [-0.31235875 -0.140457   -0.31711837  0.12815997 -0.35717308]
 [-0.2443822   0.24830078  0.31322429  0.01581411 -0.09464051]
 [-0.3002944  -0.36630188  0.04987345 -0.16487951  0.01753864]
 [ 0.17765941  0.0050524  -0.26814215 -0.10586705  0.11799882]]
b1= 
[[-0.43392709  0.24609081 -0.12037384  0.13896293 -0.45312777]]
b2= 
[[-0.0148826   0.28846376 -0.07997993 -0.01234472  0.42166195]]
W3= 
[[ 0.00378165  0.39538104  0.36237735]
 [-0.48872113  0.22607841  0.03969059]
 [-0.3059805   0.05748651 -0.24499002]
 [ 0.29091659 -0.01415392 -0.08316176]
 [ 0.2767324   0.28068761  0.10136869]]
b3= 
[[ 0.33767778  0.16033281 -0.12052579]]
W4= 
[[-0.42178968 -0.08770096 -0.11736729]
 [-0.84015363 -0.23084356 -0.39156854]
 [-0.68487067 -0.37426979 -0.63307218]
 [-0.17825971 -0.43492974 -0.49577608]
 [-0.19051225 -0.18423081 -0.33933761]]
b4= 
[[-0.13959375 -0.28479374 -0.52848417]]
Оценка Эпохи  1 1.0
Эпоха  2
X= 
[[4 8]]
Y=  1
Критик  1
Z=  [[0.31224515 0.46557892 0.22217593]]
ВЕСА до Update
W1= 
[[ 0.05768966 -0.24214516  0.50787538 -0.46195202  0.32508223]
 [ 0.54131628  0.36260248  0.19694386  0.38640733  0.2263517 ]]
W2= 
[[-0.2474077  -0.27340695 -0.19685192 -0.20057817  0.03867885]
 [-0.31091448 -0.13693185 -0.31481756  0.12709763 -0.35662563]
 [-0.24316393  0.2512743   0.31516506  0.01491801 -0.09417873]
 [-0.29884548 -0.36276538  0.05218166 -0.16594527  0.01808785]
 [ 0.17885771  0.00797721 -0.26623318 -0.10674847  0.11845304]]
b1= 
[[-0.4339588   0.24600849 -0.12018456  0.13890871 -0.45315582]]
b2= 
[[-0.01337657  0.29213964 -0.07758075 -0.01345248  0.42223281]]
W3= 
[[-0.02693374  0.39933308  0.35152923]
 [-0.54727243  0.22610017  0.01046619]
 [-0.35419275  0.0471613  -0.28798532]
 [ 0.27230743 -0.02676667 -0.11847779]
 [ 0.25521747  0.28681508  0.07391131]]
b3= 
[[ 0.3105445   0.17520422 -0.16543623]]
W4= 
[[-0.42688804 -0.07882833 -0.12114157]
 [-0.84782951 -0.21748527 -0.39725094]
 [-0.69158301 -0.36258837 -0.63804127]
 [-0.18572017 -0.42194636 -0.501299  ]
 [-0.20001904 -0.1676862  -0.34637543]]
b4= 
[[-0.15727739 -0.25401904 -0.54157524]]
Оценка Эпохи  2 1.0
Эпоха  3
X= 
[[4 8]]
Y=  1
Критик  1
Z=  [[0.29489799 0.49576579 0.20933622]]
ВЕСА до Update
W1= 
[[ 0.05758244 -0.24294934  0.50802252 -0.4629538   0.3250424 ]
 [ 0.54110185  0.36099412  0.19723815  0.38440376  0.22627203]]
W2= 
[[-0.2458313  -0.26965145 -0.19437733 -0.201507    0.03941871]
 [-0.3094756  -0.13350397 -0.31255885  0.12624982 -0.35595031]
 [-0.24160966  0.25497707  0.3176049   0.01400221 -0.09344925]
 [-0.29756503 -0.35971494  0.05419167 -0.16669972  0.01868881]
 [ 0.18035462  0.01154332 -0.26388338 -0.10763047  0.11915559]]
b1= 
[[-0.4339856   0.24580745 -0.12014778  0.13865826 -0.45316578]]
b2= 
[[-0.01177475  0.2959557  -0.07506626 -0.0143963   0.4229846 ]]
W3= 
[[-0.05782501  0.40365145  0.34049065]
 [-0.6063102   0.22705348 -0.0192033 ]
 [-0.40249886  0.03708235 -0.33113302]
 [ 0.253758   -0.03938694 -0.15384602]
 [ 0.23368066  0.29310095  0.04631742]]
b3= 
[[ 0.28355714  0.19005035 -0.21046729]]
W4= 
[[-0.43190884 -0.0699922  -0.12495689]
 [-0.85559951 -0.20381083 -0.40315538]
 [-0.69806226 -0.35118552 -0.64296487]
 [-0.19276551 -0.40954726 -0.50665277]
 [-0.20909007 -0.15172207 -0.35326852]]
b4= 
[[-0.17397292 -0.22463654 -0.55426221]]
Оценка Эпохи  3 1.0
Эпоха  4
X= 
[[1 7]]
Y=  1
Критик  1
Z=  [[0.28104868 0.52256968 0.19638164]]
ВЕСА до Update
W1= 
[[ 0.05747113 -0.24379441  0.50817533 -0.46400329  0.32500645]
 [ 0.54087923  0.359304    0.19754376  0.38230479  0.22620013]]
W2= 
[[-0.24418727 -0.26578807 -0.19180936 -0.20230139  0.0403137 ]
 [-0.30797744 -0.12998337 -0.31021873  0.12552592 -0.35513473]
 [-0.23998852  0.25878666  0.32013712  0.01321888 -0.09256672]
 [-0.29623508 -0.35658961  0.05626906 -0.16734235  0.01941282]
 [ 0.18191571  0.01521181 -0.26144496 -0.10838478  0.12000543]]
b1= 
[[-0.43401343  0.24559618 -0.12010958  0.13839589 -0.45317477]]
b2= 
[[-0.01010415  0.29988151 -0.07245679 -0.01520352  0.42389405]]
W3= 
[[-0.08876176  0.40805618  0.3294112 ]
 [-0.66545363  0.22820086 -0.0489612 ]
 [-0.45087272  0.02713034 -0.37433991]
 [ 0.23521123 -0.05199992 -0.18922419]
 [ 0.21210543  0.29946786  0.01868089]]
b3= 
[[ 0.25653231  0.20498869 -0.25555311]]
W4= 
[[-0.43673763 -0.06145286 -0.12866744]
 [-0.86310626 -0.19053574 -0.40892372]
 [-0.70430241 -0.3401503  -0.64775994]
 [-0.19947748 -0.39767766 -0.5118104 ]
 [-0.21777211 -0.13636858 -0.35993998]]
b4= 
[[-0.18992053 -0.19643444 -0.5665167 ]]
Оценка Эпохи  4 1.0
Эпоха  5
X= 
[[4 8]]
Y=  1
Критик  1
Z=  [[0.2594193  0.55704019 0.18354051]]
ВЕСА до Update
W1= 
[[ 0.05741469 -0.24395662  0.50834749 -0.4641347   0.32498644]
 [ 0.5404841   0.35816846  0.19874891  0.38138488  0.22606008]]
W2= 
[[-0.24252471 -0.26189666 -0.18919888 -0.20297326  0.0413285 ]
 [-0.30638818 -0.12626355 -0.30772335  0.12488368 -0.35416468]
 [-0.23852078  0.26222205  0.32244169  0.01262575 -0.09167085]
 [-0.29466702 -0.35291941  0.05873114 -0.16797603  0.02036993]
 [ 0.18330828  0.01847126 -0.25925841 -0.10894754  0.12085543]]
b1= 
[[-0.43406987  0.24543396 -0.11993741  0.13826448 -0.45319478]]
b2= 
[[-0.00838663  0.30390154 -0.06976002 -0.0158976   0.42494239]]
W3= 
[[-0.11967109  0.41238094  0.31838429]
 [-0.72447949  0.22909632 -0.07858474]
 [-0.49935695  0.01732328 -0.41758138]
 [ 0.21660452 -0.06455712 -0.22459823]
 [ 0.19045838  0.30589725 -0.00894628]]
b3= 
[[ 0.22931872  0.22013857 -0.3006617 ]]
W4= 
[[-0.44131222 -0.05336171 -0.132184  ]
 [-0.87014498 -0.17808623 -0.41433451]
 [-0.71035583 -0.32944351 -0.65241331]
 [-0.20593145 -0.38626242 -0.51677167]
 [-0.22611487 -0.12161259 -0.36635321]]
b4= 
[[-0.20530021 -0.16923213 -0.57833933]]
Оценка Эпохи  5 1.0
Эпоха  6
X= 
[[3 8]]
Y=  1
Критик  1
Z=  [[0.24353652 0.58553861 0.17092487]]
ВЕСА до Update
W1= 
[[ 0.05729951 -0.24484853  0.50850627 -0.46522951  0.32495984]
 [ 0.54025375  0.35638465  0.19906647  0.37919527  0.22600687]]
W2= 
[[-0.24080203 -0.25794051 -0.18652663 -0.20352639  0.04246223]
 [-0.30482264 -0.12266824 -0.30529484  0.12438099 -0.35313436]
 [-0.23682126  0.26612505  0.32507803  0.01208004 -0.09055235]
 [-0.29328171 -0.34973801  0.06088007 -0.16842084  0.02128163]
 [ 0.18494399  0.0222277  -0.25672106 -0.10947275  0.12193192]]
b1= 
[[-0.43409867  0.24521099 -0.11989772  0.13799078 -0.45320143]]
b2= 
[[-0.00663596  0.307922   -0.06704434 -0.01645972  0.42609455]]
W3= 
[[-0.15063767  0.41686287  0.30725746]
 [-0.78372788  0.2304638  -0.10845778]
 [-0.54779742  0.00751959 -0.46086997]
 [ 0.1981206  -0.07724105 -0.2599683 ]
 [ 0.16889222  0.31229603 -0.03662375]]
b3= 
[[ 0.20237938  0.23501783 -0.34577392]]
W4= 
[[-0.44577359 -0.04540015 -0.13568419]
 [-0.87714315 -0.16559762 -0.41982495]
 [-0.71614063 -0.31912022 -0.65695179]
 [-0.21202334 -0.37539111 -0.52155109]
 [-0.23406695 -0.10742167 -0.37259205]]
b4= 
[[-0.21983531 -0.14329346 -0.58974289]]
Оценка Эпохи  6 1.0
Эпоха  7
X= 
[[3 8]]
Y=  1
Критик  1
Z=  [[0.22603771 0.61551723 0.15844506]]
ВЕСА до Update
W1= 
[[ 0.05720806 -0.2454067   0.50870036 -0.46584455  0.32493882]
 [ 0.54000989  0.35489618  0.19958404  0.37755517  0.22595083]]
W2= 
[[-0.23907292 -0.25397565 -0.18383243 -0.2039802   0.0436831 ]
 [-0.3032152  -0.11898239 -0.30279023  0.12395912 -0.3519994 ]
 [-0.23514588  0.26996669  0.32768851  0.01164034 -0.08936942]
 [-0.29177749 -0.34628883  0.06322387 -0.16881563  0.02234372]
 [ 0.18654693  0.02590325 -0.25422345 -0.10989345  0.12306371]]
b1= 
[[-0.43412915  0.24502493 -0.11983302  0.13778576 -0.45320843]]
b2= 
[[-0.00487702  0.31195526 -0.06430365 -0.01692136  0.42733648]]
W3= 
[[-0.18155809  0.42126439  0.29616489]
 [-0.84294312  0.23177214 -0.13830481]
 [-0.59627603 -0.00222112 -0.50418342]
 [ 0.17966812 -0.0899809  -0.29531391]
 [ 0.14733148  0.31868268 -0.06429449]]
b3= 
[[ 0.17544522  0.24988291 -0.39087714]]
W4= 
[[-0.45000813 -0.03782684 -0.13902296]
 [-0.88382532 -0.15364681 -0.42509359]
 [-0.72173071 -0.30912258 -0.66135936]
 [-0.21783752 -0.36499265 -0.52613536]
 [-0.24169269 -0.09378333 -0.37860465]]
b4= 
[[-0.23377865 -0.11835632 -0.60073669]]
Оценка Эпохи  7 1.0
Эпоха  8
X= 
[[5 7]]
Y=  1
Критик  1
Z=  [[0.20205605 0.65280054 0.14514341]]
ВЕСА до Update
W1= 
[[ 0.05711765 -0.2459653   0.50889478 -0.46645717  0.32492376]
 [ 0.53976877  0.3534066   0.20010249  0.37592151  0.22591066]]
W2= 
[[-0.23734655 -0.25005151 -0.18114925 -0.20433999  0.04496569]
 [-0.30161217 -0.1153386  -0.30029875  0.12362504 -0.35080844]
 [-0.23347272  0.2737699   0.33028899  0.01129164 -0.08812636]
 [-0.29027891 -0.34288247  0.065553   -0.16912794  0.02345707]
 [ 0.18814732  0.02954103 -0.25173607 -0.11022698  0.1242527 ]]
b1= 
[[-0.43415929  0.24483873 -0.11976821  0.13758156 -0.45321345]]
b2= 
[[-0.00312079  0.31594726 -0.06157408 -0.01728737  0.42864125]]
W3= 
[[-0.21246674  0.42566557  0.28506089]
 [-0.90216716  0.23312667 -0.16818925]
 [-0.64474831 -0.01194654 -0.54751848]
 [ 0.1612763  -0.10279714 -0.33064378]
 [ 0.12581947  0.32502171 -0.09196636]]
b3= 
[[ 0.1486399   0.26459316 -0.43595436]]
W4= 
[[-0.45407885 -0.03051712 -0.14226196]
 [-0.89027749 -0.14206076 -0.43022747]
 [-0.72711412 -0.29945569 -0.66564284]
 [-0.22338044 -0.35503934 -0.53054575]
 [-0.24899473 -0.08067119 -0.38441475]]
b4= 
[[-0.24708877 -0.09445557 -0.61132732]]
Оценка Эпохи  8 1.0
Эпоха  9
X= 
[[2 8]]
Y=  1
Критик  1
Z=  [[0.19423094 0.67093393 0.13483513]]
ВЕСА до Update
W1= 
[[ 0.05689962 -0.24765821  0.50903957 -0.46832311  0.32491529]
 [ 0.53946353  0.35103652  0.2003052   0.37330919  0.22589881]]
W2= 
[[-0.23564179 -0.24634272 -0.17857811 -0.20459562  0.04624923]
 [-0.30018436 -0.11223233 -0.2981453   0.12341093 -0.34973342]
 [-0.2317601   0.27749578  0.33287199  0.01103483 -0.0868369 ]
 [-0.28921583 -0.34056969  0.06715635 -0.16928735  0.02425748]
 [ 0.18979242  0.03312001 -0.24925492 -0.11047367  0.12549133]]
b1= 
[[-0.4342029   0.24450015 -0.11973926  0.13720837 -0.45321515]]
b2= 
[[-0.00137082  0.3197544  -0.05893475 -0.01754978  0.42995883]]
W3= 
[[-0.24349139  0.43035365  0.27378597]
 [-0.96149966  0.23480592 -0.19828994]
 [-0.69309232 -0.02177832 -0.59087544]
 [ 0.14302859 -0.11574366 -0.36598748]
 [ 0.10449316  0.33119626 -0.11965944]]
b3= 
[[ 0.12235879  0.27868329 -0.48093568]]
W4= 
[[-0.45818579 -0.02306069 -0.14561145]
 [-0.89670516 -0.1303909  -0.43546967]
 [-0.73223939 -0.2901504  -0.66982285]
 [-0.22864449 -0.3454821  -0.53483894]
 [-0.25593389 -0.06807267 -0.39007411]]
b4= 
[[-0.25953566 -0.0718574  -0.6214786 ]]
Оценка Эпохи  9 1.0
Эпоха  10
X= 
[[5 7]]
Y=  1
Критик  1
Z=  [[0.1696634  0.70851525 0.12182135]]
ВЕСА до Update
W1= 
[[ 0.05683862 -0.24795789  0.50924054 -0.46860594  0.32491241]
 [ 0.53921953  0.3498378   0.20110908  0.3721779   0.22588727]]
W2= 
[[-0.23396162 -0.24256189 -0.17596998 -0.20480435  0.04759911]
 [-0.29859634 -0.10865887 -0.29568022  0.12321365 -0.34845758]
 [-0.23017871  0.28105431  0.33532677  0.01083837 -0.08556639]
 [-0.28767742 -0.33710787  0.06954442 -0.16947847  0.02549346]
 [ 0.19130022  0.03651298 -0.24691435 -0.11066098  0.12670272]]
b1= 
[[-0.4342334   0.24435031 -0.11963877  0.13706696 -0.45321659]]
b2= 
[[ 3.40268872e-04  3.23604804e-01 -5.62786274e-02 -1.77623490e-02
   4.31333550e-01]]
W3= 
[[-0.27435792  0.43471353  0.26268116]
 [-1.02068603  0.23614391 -0.22819551]
 [-0.7415511  -0.03148865 -0.63423909]
 [ 0.1247338  -0.12868592 -0.40128836]
 [ 0.08306646  0.33744167 -0.14732299]]
b3= 
[[ 0.09576028  0.29313416 -0.52596035]]
W4= 
[[-0.46192109 -0.0163168  -0.14862004]
 [-0.90266332 -0.11963375 -0.44026865]
 [-0.73724625 -0.28111078 -0.67385561]
 [-0.23370856 -0.33633919 -0.53891778]
 [-0.26265187 -0.0559437  -0.39548509]]
b4= 
[[-0.27173777 -0.04982715 -0.63130675]]
Оценка Эпохи  10 1.0
Эпоха  11
X= 
[[1 7]]
Y=  1
Критик  1
Z=  [[0.1641054 0.7228886 0.113006 ]]
ВЕСА до Update
W1= 
[[ 0.05663558 -0.24957422  0.50937943 -0.47035034  0.32491653]
 [ 0.53893528  0.34757494  0.20130352  0.36973573  0.22589305]]
W2= 
[[-0.2323379  -0.23908976 -0.17353428 -0.20492763  0.04889852]
 [-0.29724518 -0.10576958 -0.29365339  0.12311106 -0.34737629]
 [-0.22854697  0.2845436   0.3377745   0.01071448 -0.08426056]
 [-0.28667969 -0.33497434  0.07104109 -0.16955422  0.02629191]
 [ 0.19286731  0.03986401 -0.24456361 -0.11077996  0.12795681]]
b1= 
[[-0.434274    0.24402704 -0.11961099  0.13671807 -0.45321576]]
b2= 
[[ 0.00200728  0.32716951 -0.05377799 -0.01788892  0.43266761]]
W3= 
[[-0.30530995  0.43932047  0.25141477]
 [-1.07994018  0.23775763 -0.25830902]
 [-0.78983207 -0.04137245 -0.67760708]
 [ 0.10662418 -0.14181282 -0.43658978]
 [ 0.06187978  0.34345185 -0.17499132]]
b3= 
[[ 0.06978398  0.30683636 -0.57085854]]
W4= 
[[-0.46571314 -0.00938315 -0.15176165]
 [-0.90863162 -0.10872086 -0.44521324]
 [-0.74198658 -0.2724432  -0.67778286]
 [-0.23849682 -0.32758397 -0.54288474]
 [-0.26901055 -0.04431701 -0.4007531 ]]
b4= 
[[-0.28306907 -0.02910814 -0.64069445]]
Оценка Эпохи  11 1.0
Эпоха  12
X= 
[[0 8]]
Y=  1
Критик  1
Z=  [[0.15205374 0.74441068 0.10353558]]
ВЕСА до Update
W1= 
[[ 0.05658567 -0.24973006  0.50954813 -0.47047451  0.32492125]
 [ 0.53858589  0.34648409  0.20248448  0.36886655  0.22592606]]
W2= 
[[-0.23076167 -0.23559957 -0.17110692 -0.20502058  0.05022644]
 [-0.2957482  -0.10245487 -0.29134807  0.12302279 -0.34611514]
 [-0.22714918  0.28763868  0.33992707  0.01063205 -0.08308297]
 [-0.28520529 -0.33170963  0.07331164 -0.16964117  0.02753405]
 [ 0.19418762  0.04278752 -0.24253036 -0.11085782  0.12906912]]
b1= 
[[-0.43432392  0.24387121 -0.11944229  0.13659391 -0.45321105]]
b2= 
[[ 0.00363638  0.33077677 -0.0512692  -0.01798499  0.43404007]]
W3= 
[[-0.33616689  0.44370475  0.24027595]
 [-1.13907657  0.23907508 -0.28824401]
 [-0.83825675 -0.05108882 -0.7209988 ]
 [ 0.08841223 -0.1548433  -0.47188528]
 [ 0.04055104  0.34960054 -0.20265612]]
b3= 
[[ 0.04343138  0.32099445 -0.61583633]]
W4= 
[[-0.46919113 -0.00307036 -0.15459645]
 [-0.91414374 -0.098716   -0.44970598]
 [-0.74664772 -0.26398294 -0.68158199]
 [-0.24315397 -0.31913094 -0.54668063]
 [-0.2752025  -0.03307822 -0.40579995]]
b4= 
[[-0.2942502  -0.00881365 -0.64980782]]
Оценка Эпохи  12 1.0
Эпоха  13
X= 
[[2 8]]
Y=  1
Критик  1
Z=  [[0.13511298 0.77165433 0.09323269]]
ВЕСА до Update
W1= 
[[ 0.05658567 -0.24973006  0.50954813 -0.47047451  0.32492125]
 [ 0.5383427   0.34576689  0.20410791  0.36840415  0.22598869]]
W2= 
[[-0.22921573 -0.23217259 -0.16872307 -0.20507306  0.05156321]
 [-0.29424388 -0.09912016 -0.2890284   0.12297173 -0.34481436]
 [-0.2258589   0.2904989   0.34191668  0.01058826 -0.08196727]
 [-0.28369608 -0.32836408  0.07563884 -0.16969239  0.02883905]
 [ 0.19544188  0.0455679  -0.24059629 -0.1109004   0.13015368]]
b1= 
[[-0.43435432  0.24378156 -0.11923936  0.13653611 -0.45320322]]
b2= 
[[ 0.00521443  0.33427492 -0.04883584 -0.01803855  0.4354046 ]]
W3= 
[[-0.36700163  0.4480579   0.22914606]
 [-1.19817867  0.24034468 -0.31816545]
 [-0.88667282 -0.06081116 -0.76439315]
 [ 0.07020974 -0.16788121 -0.50718281]
 [ 0.01922124  0.35576241 -0.23033303]]
b3= 
[[ 0.01707032  0.33518741 -0.66084053]]
W4= 
[[-0.47251565  0.00296819 -0.15731047]
 [-0.9194137  -0.08914383 -0.45400819]
 [-0.75112936 -0.25584264 -0.68524064]
 [-0.24763071 -0.31099955 -0.55033528]
 [-0.28117145 -0.02223643 -0.41067278]]
b4= 
[[-0.3050368   0.01077874 -0.65861361]]
Оценка Эпохи  13 1.0
Эпоха  14
X= 
[[0 8]]
Y=  1
Критик  1
Z=  [[0.12550655 0.78937709 0.08511636]]
ВЕСА до Update
W1= 
[[ 0.0565349  -0.24999084  0.50972381 -0.47071551  0.32493369]
 [ 0.53813964  0.34472376  0.20481063  0.36744016  0.22603845]]
W2= 
[[-0.22775342 -0.22896763 -0.16647252 -0.20507982  0.0528482 ]
 [-0.29286631 -0.09610089 -0.28690826  0.12296536 -0.34360382]
 [-0.22447905  0.29352317  0.34404034  0.01058188 -0.08075473]
 [-0.28236301 -0.32544235  0.0776905  -0.16969855  0.03001048]
 [ 0.19675451  0.04844484 -0.23857609 -0.11090646  0.13130715]]
b1= 
[[-0.4343797   0.24365116 -0.11915152  0.13641561 -0.453197  ]]
b2= 
[[ 0.00670391  0.33753945 -0.04654348 -0.01804544  0.43671347]]
W3= 
[[-0.397791    0.45238358  0.21799828]
 [-1.25728842  0.24170607 -0.34817105]
 [-0.93503064 -0.07056555 -0.80781369]
 [ 0.05213006 -0.18106106 -0.54246121]
 [-0.0019838   0.36180133 -0.25801174]]
b3= 
[[-0.00900492  0.3490555  -0.70580568]]
W4= 
[[-0.47571565  0.00881898 -0.15996126]
 [-0.92459071 -0.07967833 -0.45829668]
 [-0.75544699 -0.24794841 -0.68881724]
 [-0.25185881 -0.30326902 -0.55383771]
 [-0.28686006 -0.01183555 -0.41538506]]
b4= 
[[-0.31523753  0.02942946 -0.6670636 ]]
Оценка Эпохи  14 1.0
Эпоха  15
X= 
[[4 8]]
Y=  1
Критик  1
Z=  [[0.10726684 0.81756258 0.07517059]]
ВЕСА до Update
W1= 
[[ 0.0565349  -0.24999084  0.50972381 -0.47071551  0.32493369]
 [ 0.53792278  0.34407405  0.20629734  0.36702629  0.22613637]]
W2= 
[[-0.22634316 -0.22587415 -0.16430442 -0.20506098  0.0541091 ]
 [-0.29149483 -0.09309251 -0.28479978  0.12298367 -0.3423776 ]
 [-0.22329789  0.29611408  0.34585621  0.01059765 -0.07969867]
 [-0.28098685 -0.3224237   0.07980616 -0.16968018  0.03124089]
 [ 0.19789899  0.0509553  -0.2368166  -0.11089118  0.13233041]]
b1= 
[[-0.43440681  0.24356995 -0.11896568  0.13636387 -0.45318476]]
b2= 
[[ 0.00814357  0.34069739 -0.04433018 -0.01802621  0.43800066]]
W3= 
[[-0.42859094  0.45672785  0.20684247]
 [-1.3163683   0.24301815 -0.37815718]
 [-0.98341234 -0.08027863 -0.85125166]
 [ 0.034012   -0.19417511 -0.57776703]
 [-0.02322922  0.36790976 -0.2857196 ]]
b3= 
[[-0.0351645   0.36306843 -0.75083133]]
W4= 
[[-0.47879695  0.01444772 -0.1625087 ]
 [-0.92951156 -0.07068921 -0.46236495]
 [-0.75961756 -0.24032985 -0.69226523]
 [-0.25596337 -0.29577104 -0.55723112]
 [-0.29236709 -0.00177563 -0.41993795]]
b4= 
[[-0.32512898  0.04749858 -0.67524127]]
Оценка Эпохи  15 1.0
Эпоха  16
X= 
[[3 7]]
Y=  1
Критик  1
Z=  [[0.09687171 0.83558265 0.06754564]]
ВЕСА до Update
W1= 
[[ 0.05645651 -0.25067417  0.50984539 -0.47149942  0.3249536 ]
 [ 0.537766    0.34270738  0.20654048  0.36545847  0.22617618]]
W2= 
[[-0.22503681 -0.22309643 -0.16232566 -0.20500575  0.05527645]
 [-0.29032557 -0.09060628 -0.28302868  0.12303311 -0.34133275]
 [-0.22200615  0.29886075  0.34781285  0.01065227 -0.07854437]
 [-0.27996861 -0.32025858  0.08134852 -0.16963713  0.03215079]
 [ 0.19913991  0.05359391 -0.23493694 -0.11083871  0.1334393 ]]
b1= 
[[-0.4344264   0.24339912 -0.11893528  0.1361679  -0.45317978]]
b2= 
[[ 0.00947167  0.34352138 -0.04231847 -0.01797006  0.43918745]]
W3= 
[[-0.45936277  0.46109749  0.19563319]
 [-1.37545287  0.2444557  -0.40826411]
 [-1.03167416 -0.09009761 -0.89470363]
 [ 0.01605241 -0.20746275 -0.61305774]
 [-0.04429347  0.37383919 -0.31342961]]
b3= 
[[-0.06091064  0.37660893 -0.795798  ]]
W4= 
[[-0.48181818  0.02002546 -0.16506521]
 [-0.93440973 -0.06164628 -0.46650971]
 [-0.76358587 -0.23300363 -0.69562315]
 [-0.25980903 -0.28867124 -0.56048526]
 [-0.29757324  0.00783588 -0.42434331]]
b4= 
[[-0.33434984  0.064522   -0.68304382]]
Оценка Эпохи  16 1.0
Эпоха  17
X= 
[[2 7]]
Y=  1
Критик  1
Z=  [[0.08876027 0.85019813 0.0610416 ]]
ВЕСА до Update
W1= 
[[ 0.05635964 -0.25119324  0.51001281 -0.4720215   0.32497948]
 [ 0.53753997  0.34149622  0.20693115  0.36424029  0.22623657]]
W2= 
[[-0.22382049 -0.22052171 -0.16048548 -0.20493387  0.05637489]
 [-0.28923691 -0.08830179 -0.28138163  0.12309745 -0.3403496 ]
 [-0.22082118  0.3013691   0.3496056   0.0107223  -0.07747425]
 [-0.27898817 -0.31818317  0.08283184 -0.16957918  0.03303621]
 [ 0.20025688  0.05595831 -0.23324707 -0.1107727   0.13444802]]
b1= 
[[-0.43445869  0.24322609 -0.11887948  0.13599387 -0.45317116]]
b2= 
[[ 0.01072475  0.3461739  -0.04042268 -0.01789601  0.44031908]]
W3= 
[[-0.49013585  0.46548926  0.18440301]
 [-1.43453133  0.24591524 -0.43839913]
 [-1.07995219 -0.09986256 -0.9381934 ]
 [-0.00190357 -0.22073111 -0.64837133]
 [-0.06535533  0.37979898 -0.34117238]]
b3= 
[[-0.08663713  0.39017685 -0.84081173]]
W4= 
[[-0.48473151  0.02541284 -0.16753926]
 [-0.93912031 -0.0529354  -0.47051001]
 [-0.76743525 -0.22588528 -0.69889211]
 [-0.26350924 -0.28182875 -0.56362755]
 [-0.30258637  0.01710627 -0.42860056]]
b4= 
[[-0.34320478  0.08089672 -0.6905636 ]]
Оценка Эпохи  17 1.0
Эпоха  18
X= 
[[5 8]]
Y=  1
Критик  1
Z=  [[0.07593743 0.87045348 0.05360909]]
ВЕСА до Update
W1= 
[[ 0.05629547 -0.25146482  0.51017895 -0.47226581  0.32500298]
 [ 0.53731537  0.3405457   0.20751262  0.36338519  0.22631883]]
W2= 
[[-0.22267216 -0.21807728 -0.15874066 -0.20485047  0.05742885]
 [-0.28817752 -0.0860467  -0.27977196  0.12317439 -0.33937727]
 [-0.21973928  0.30367212  0.35124948  0.01080087 -0.07648126]
 [-0.27797976 -0.31603659  0.08436405 -0.16950595  0.03396175]
 [ 0.20127104  0.05811714 -0.23170612 -0.11069905  0.13537883]]
b1= 
[[-0.43449078  0.24309031 -0.11879641  0.13587171 -0.4531594 ]]
b2= 
[[ 0.01190986  0.34869663 -0.03862198 -0.01780993  0.4414068 ]]
W3= 
[[-0.52091429  0.46990084  0.17315841]
 [-1.49362601  0.24741962 -0.46856279]
 [-1.12827378 -0.10953922 -0.98172791]
 [-0.01988965 -0.23393465 -0.68371964]
 [-0.08646138  0.38585239 -0.36896459]]
b3= 
[[-0.11244841  0.40392165 -0.88591754]]
W4= 
[[-0.48751682  0.03056182 -0.16990293]
 [-0.94363628 -0.0445871  -0.47434234]
 [-0.77117543 -0.21897112 -0.70206609]
 [-0.26708513 -0.27521829 -0.56666211]
 [-0.30743669  0.02607264 -0.43271662]]
b4= 
[[-0.35178321  0.09675495 -0.69784341]]
Оценка Эпохи  18 1.0
Эпоха  19
X= 
[[0 8]]
Y=  1
Критик  1
Z=  [[0.07457403 0.87562189 0.04980408]]
ВЕСА до Update
W1= 
[[ 0.05622256 -0.25229606  0.51025447 -0.47321995  0.32502505]
 [ 0.53719872  0.33921572  0.20763345  0.36185856  0.22635414]]
W2= 
[[-0.22160407 -0.21587543 -0.15714695 -0.20475059  0.05840429]
 [-0.28725868 -0.08415252 -0.27840095  0.12326031 -0.33853814]
 [-0.2186721   0.3058721   0.35284183  0.01090067 -0.07550665]
 [-0.27725921 -0.31455118  0.0854392  -0.16943856  0.03461979]
 [ 0.20230372  0.06024599 -0.23016524 -0.11060248  0.13632193]]
b1= 
[[-0.43450536  0.24292406 -0.1187813   0.13568088 -0.45315499]]
b2= 
[[ 0.01299487  0.35093335 -0.03700302 -0.01770847  0.44239768]]
W3= 
[[-0.55170103  0.47438047  0.16185404]
 [-1.55272903  0.24902555 -0.49881964]
 [-1.17651734 -0.11927815 -1.02527819]
 [-0.0378087  -0.24718466 -0.71908851]
 [-0.10748284  0.39185369 -0.39678926]]
b3= 
[[-0.13806398  0.4174948  -0.93104742]]
W4= 
[[-0.49026392  0.03568192 -0.17227593]
 [-0.94808112 -0.03630271 -0.4781819 ]
 [-0.77470474 -0.21239311 -0.70511479]
 [-0.27047298 -0.26890395 -0.56958861]
 [-0.31204326  0.03465848 -0.43669589]]
b4= 
[[-0.35984806  0.11178639 -0.70481   ]]
Оценка Эпохи  19 1.0
Эпоха  20
X= 
[[1 7]]
Y=  1
Критик  1
Z=  [[0.06502962 0.89114244 0.04382794]]
ВЕСА до Update
W1= 
[[ 0.05622256 -0.25229606  0.51025447 -0.47321995  0.32502505]
 [ 0.53704699  0.33873846  0.20874645  0.36155866  0.22649015]]
W2= 
[[-0.22056658 -0.21365033 -0.15556642 -0.20465114  0.05938104]
 [-0.28625176 -0.08199297 -0.27686698  0.12335683 -0.33759017]
 [-0.21779947  0.30774362  0.35417122  0.01098431 -0.07468511]
 [-0.27624872 -0.31238401  0.08697859 -0.16934171  0.03557112]
 [ 0.20314626  0.06205297 -0.22888171 -0.11052172  0.13711514]]
b1= 
[[-0.43452433  0.2428644  -0.11864218  0.1356434  -0.45313799]]
b2= 
[[ 0.01405415  0.35320518 -0.0353893  -0.01760694  0.44339495]]
W3= 
[[-0.58253015  0.47890621  0.15054594]
 [-1.6118986   0.25070268 -0.52908113]
 [-1.22492463 -0.12877341 -1.06890839]
 [-0.05588051 -0.26020823 -0.75453106]
 [-0.12870795  0.39815601 -0.42471132]]
b3= 
[[-0.16409264  0.43169044 -0.9763867 ]]
W4= 
[[-0.49284007  0.04043989 -0.17445776]
 [-0.95224571 -0.02861099 -0.48170903]
 [-0.77821367 -0.20591234 -0.70808663]
 [-0.27383322 -0.26269781 -0.57243451]
 [-0.31660487  0.04308347 -0.44055927]]
b4= 
[[-0.36793731  0.1267267  -0.71166106]]
Оценка Эпохи  20 1.0
Эпоха  21
X= 
[[5 8]]
Y=  1
Критик  1
Z=  [[0.05367544 0.90865504 0.03766952]]
ВЕСА до Update
W1= 
[[ 0.05619557 -0.25238643  0.51035682 -0.47328917  0.3250406 ]
 [ 0.53685805  0.33810589  0.20946292  0.36107416  0.22659896]]
W2= 
[[-0.21962926 -0.21166597 -0.15414557 -0.20454675  0.06026587]
 [-0.28536605 -0.08011786 -0.27552436  0.12345547 -0.33675405]
 [-0.21696164  0.30951737  0.35544126  0.01107763 -0.07389419]
 [-0.27537679 -0.31053805  0.08830033 -0.1692446   0.03639423]
 [ 0.20393239  0.06371727 -0.22769003 -0.11043416  0.13785725]]
b1= 
[[-0.43455132  0.24277403 -0.11853983  0.13557418 -0.45312245]]
b2= 
[[ 0.01502334  0.35525704 -0.03392013 -0.01749899  0.44430987]]
W3= 
[[-0.61336914  0.48348334  0.13919632]
 [-1.67109208  0.25247637 -0.55941529]
 [-1.27333827 -0.1382107  -1.11259022]
 [-0.07394021 -0.27320712 -0.7900104 ]
 [-0.14992171  0.40450048 -0.45268687]]
b3= 
[[-0.19007749  0.44592063 -1.02180435]]
W4= 
[[-0.49533939  0.04507648 -0.17659502]
 [-0.95630177 -0.02108646 -0.4851775 ]
 [-0.78160397 -0.19962289 -0.71098578]
 [-0.27704401 -0.25674137 -0.57518016]
 [-0.32097366  0.05118815 -0.44429516]]
b4= 
[[-0.37563791  0.14101234 -0.71824609]]
Оценка Эпохи  21 1.0
Эпоха  22
X= 
[[1 7]]
Y=  1
Критик  1
Z=  [[0.05169847 0.91371545 0.03458608]]
ВЕСА до Update
W1= 
[[ 0.05613929 -0.25304197  0.51041646 -0.47402741  0.32506218]
 [ 0.53676801  0.33705702  0.20955834  0.35989297  0.2266335 ]]
W2= 
[[-0.2187827  -0.20994533 -0.15288845 -0.20443523  0.06105697]
 [-0.28464048 -0.07864314 -0.27444691  0.12355105 -0.33607602]
 [-0.21611551  0.31123712  0.35669773  0.01118909 -0.0731035 ]
 [-0.27481025 -0.30938656  0.08914163 -0.16916996  0.03692365]
 [ 0.20475103  0.06538117 -0.22647436 -0.11032632  0.13862226]]
b1= 
[[-0.43456257  0.24264292 -0.1185279   0.13542653 -0.45311813]]
b2= 
[[ 0.01588336  0.35700504 -0.03264301 -0.0173857   0.44511355]]
W3= 
[[-0.64421832  0.48813459  0.12778278]
 [-1.73030335  0.25437249 -0.58985408]
 [-1.3216871  -0.14768306 -1.15630179]
 [-0.09194037 -0.28623606 -0.82551924]
 [-0.17106323  0.41081919 -0.4807089 ]]
b3= 
[[-0.21589106  0.46002966 -1.0672721 ]]
W4= 
[[-0.49781225  0.04971198 -0.17875766]
 [-0.9603176  -0.01355857 -0.48868955]
 [-0.78478611 -0.1936578  -0.71376873]
 [-0.28006168 -0.25108458 -0.57781927]
 [-0.32509887  0.05892109 -0.44790288]]
b4= 
[[-0.38281298  0.15446238 -0.72452107]]
Оценка Эпохи  22 1.0
Эпоха  23
X= 
[[1 7]]
Y=  1
Критик  1
Z=  [[0.04593887 0.92344338 0.03061775]]
ВЕСА до Update
W1= 
[[ 0.0561166  -0.25311897  0.51050417 -0.47408612  0.32507711]
 [ 0.5366092   0.33651805  0.21017233  0.35948203  0.22673801]]
W2= 
[[-0.21798225 -0.20826324 -0.15167929 -0.20432797  0.06182244]
 [-0.28388488 -0.0770553  -0.2733055   0.12365231 -0.33535344]
 [-0.21539939  0.312742    0.3577795   0.01128505 -0.07241868]
 [-0.27406653 -0.30782369  0.09026508 -0.16907031  0.03763487]
 [ 0.20542257  0.06679234 -0.22545996 -0.11023633  0.13926444]]
b1= 
[[-0.43458526  0.24256593 -0.11844019  0.13536783 -0.4531032 ]]
b2= 
[[ 0.0167111   0.35874446 -0.03139264 -0.01727478  0.44590511]]
W3= 
[[-0.67512243  0.49287231  0.11633769]
 [-1.78960728  0.2564149  -0.62034651]
 [-1.37018066 -0.15691864 -1.20010541]
 [-0.11006651 -0.29905954 -0.86110755]
 [-0.19237416  0.417414   -0.50883762]]
b3= 
[[-0.24202936  0.47466986 -1.11294631]]
W4= 
[[-0.50015062  0.05406415 -0.18077146]
 [-0.96412285 -0.00647624 -0.49196663]
 [-0.78796241 -0.18774608 -0.71650416]
 [-0.28304839 -0.24552572 -0.58039142]
 [-0.32917543  0.06650837 -0.4514136 ]]
b4= 
[[-0.38997127  0.16778538 -0.73068578]]
Оценка Эпохи  23 1.0
Эпоха  24
X= 
[[1 7]]
Y=  1
Критик  1
Z=  [[0.04074885 0.93219964 0.02705151]]
ВЕСА до Update
W1= 
[[ 0.05609589 -0.25318955  0.5105848  -0.47413974  0.32509147]
 [ 0.53646422  0.33602393  0.21073673  0.35910667  0.22683853]]
W2= 
[[-0.21724635 -0.20672207 -0.15056935 -0.2042217   0.06253038]
 [-0.28319042 -0.07560093 -0.27225808  0.12375259 -0.33468537]
 [-0.2147406   0.31412168  0.35877314  0.01138018 -0.07178492]
 [-0.27338297 -0.30639214  0.09129608 -0.1689716   0.03829246]
 [ 0.20604005  0.06808551 -0.22452862 -0.11014717  0.13985847]]
b1= 
[[-0.43460597  0.24249534 -0.11835956  0.1353142  -0.45308884]]
b2= 
[[ 0.01747211  0.36033822 -0.03024483 -0.01716489  0.44663721]]
W3= 
[[-0.70606486  0.49769849  0.10484247]
 [-1.84897563  0.25860476 -0.65092195]
 [-1.41872723 -0.16603244 -1.24397779]
 [-0.12823862 -0.31177509 -0.89675781]
 [-0.21375011  0.42415998 -0.53705249]]
b3= 
[[-0.26827689  0.48956716 -1.15876837]]
W4= 
[[-5.02413749e-01  5.82828578e-02 -1.82727043e-01]
 [-9.67810647e-01  3.98203486e-04 -4.95153278e-01]
 [-7.91038827e-01 -1.82011314e-01 -7.19162506e-01]
 [-2.85931760e-01 -2.40150815e-01 -5.82882961e-01]
 [-3.33116457e-01  7.38548587e-02 -4.54819068e-01]]
b4= 
[[-0.39687963  0.1806633  -0.73665534]]
Оценка Эпохи  24 1.0
Эпоха  25
X= 
[[5 8]]
Y=  1
Критик  1
Z=  [[0.03294035 0.94419487 0.02286478]]
ВЕСА до Update
W1= 
[[ 0.05607703 -0.2532541   0.5106587  -0.47418861  0.32510517]
 [ 0.53633218  0.33557213  0.21125399  0.35876461  0.2269344 ]]
W2= 
[[-0.21657173 -0.20531377 -0.14955337 -0.20411768  0.063183  ]
 [-0.28255398 -0.07427232 -0.27129958  0.12385072 -0.33406968]
 [-0.21413632  0.31538315  0.3596832   0.01147336 -0.07120034]
 [-0.27275649 -0.30508433  0.09223957 -0.168875    0.03889851]
 [ 0.20660621  0.0692674  -0.22367597 -0.11005987  0.14040617]]
b1= 
[[-0.43462483  0.2424308  -0.11828566  0.13526534 -0.45307514]]
b2= 
[[ 0.01816977  0.36179462 -0.02919414 -0.01705732  0.44731212]]
W3= 
[[-0.73705053  0.5026212   0.09329396]
 [-1.9084161   0.26095473 -0.6815854 ]
 [-1.46733335 -0.1750137  -1.28792317]
 [-0.14646338 -0.32437179 -0.93247429]
 [-0.23519987  0.43107157 -0.56535915]]
b3= 
[[-0.29464974  0.50474783 -1.20474848]]
W4= 
[[-0.50460548  0.06237446 -0.18462691]
 [-0.97138645  0.00707364 -0.49825291]
 [-0.79402022 -0.17644554 -0.72174689]
 [-0.28871782 -0.2349497  -0.58529802]
 [-0.33692931  0.08097284 -0.45812419]]
b4= 
[[-0.40355267  0.19312078 -0.74243978]]
Оценка Эпохи  25 1.0
Эпоха  26
X= 
[[3 8]]
Y=  1
Критик  1
Z=  [[0.03073523 0.9486139  0.02065087]]
ВЕСА до Update
W1= 
[[ 0.05603854 -0.25371212  0.51070041 -0.47469424  0.32512316]
 [ 0.53627059  0.33483929  0.21132073  0.3579556   0.22696319]]
W2= 
[[-0.21597705 -0.20412328 -0.14867541 -0.20401538  0.06375187]
 [-0.28204626 -0.07325593 -0.27055001  0.12393806 -0.333584  ]
 [-0.21354174  0.31657342  0.36056099  0.01157564 -0.07063157]
 [-0.27236165 -0.30429392  0.09282247 -0.16880708  0.03927621]
 [ 0.20718141  0.07041889 -0.22282678 -0.10996092  0.1409564 ]]
b1= 
[[-0.43463253  0.24233919 -0.11827732  0.13516421 -0.45307154]]
b2= 
[[ 0.01877396  0.36300413 -0.02830216 -0.01695338  0.44789008]]
W3= 
[[-0.76806579  0.50764047  0.08167847]
 [-1.96790318  0.26345937 -0.7123569 ]
 [-1.51592687 -0.18395494 -1.33192118]
 [-0.16467905 -0.33692644 -0.9682419 ]
 [-0.2566421   0.43804917 -0.59373936]]
b3= 
[[-0.32098194  0.51999658 -1.25083734]]
W4= 
[[-0.50677446  0.06646505 -0.18654852]
 [-0.97492025  0.0137382  -0.50138367]
 [-0.79681552 -0.17117375 -0.72422338]
 [-0.29133787 -0.23000843 -0.58761924]
 [-0.34052938  0.08776238 -0.46131366]]
b4= 
[[-0.40977271  0.20485144 -0.7479504 ]]
Оценка Эпохи  26 1.0
Эпоха  27
X= 
[[2 8]]
Y=  1
Критик  1
Z=  [[0.02776524 0.95388337 0.01835139]]
ВЕСА до Update
W1= 
[[ 0.05601415 -0.25389188  0.51076389 -0.47487522  0.32514173]
 [ 0.53620555  0.33435992  0.21149001  0.357473    0.22701272]]
W2= 
[[-0.21542052 -0.2029811  -0.14784213 -0.20391737  0.06429446]
 [-0.28153835 -0.07221354 -0.26978953  0.12402751 -0.33308882]
 [-0.21299957  0.31768613  0.36137277  0.01167112 -0.07010299]
 [-0.27189234 -0.30333074  0.09352516 -0.16872443  0.03973376]
 [ 0.20769803  0.07147916 -0.22205325 -0.10986994  0.14146008]]
b1= 
[[-0.43464066  0.24227927 -0.11825616  0.13510389 -0.45306535]]
b2= 
[[ 0.01934044  0.36416675 -0.02745397 -0.01685362  0.44844237]]
W3= 
[[-0.79914092  0.51277182  0.07001077]
 [-2.02750299  0.26617258 -0.74322425]
 [-1.56463625 -0.19268553 -1.37601396]
 [-0.18299249 -0.34930218 -1.00409066]
 [-0.27822415  0.44528197 -0.62223496]]
b3= 
[[-0.34756656  0.53570481 -1.29713325]]
W4= 
[[-0.50883397  0.0703337  -0.18835766]
 [-0.97832246  0.02012902 -0.50437229]
 [-0.79958897 -0.165964   -0.72665967]
 [-0.29390408 -0.22518797 -0.58987349]
 [-0.34407233  0.09441758 -0.46442591]]
b4= 
[[-0.41592746  0.21641273 -0.75335694]]
Оценка Эпохи  27 1.0
Эпоха  28
X= 
[[1 7]]
Y=  1
Критик  1
Z=  [[0.0248496  0.95895232 0.01619808]]
ВЕСА до Update
W1= 
[[ 0.05599832 -0.2539821   0.51082598 -0.47495469  0.32515704]
 [ 0.53614223  0.33399906  0.21173838  0.35715512  0.22707395]]
W2= 
[[-0.2149078  -0.20192155 -0.14707188 -0.20382387  0.06479895]
 [-0.28105901 -0.07122295 -0.26906942  0.12411493 -0.33261717]
 [-0.21251343  0.31869076  0.36210309  0.01175978 -0.06962465]
 [-0.27142976 -0.3023748   0.09422009 -0.16864007  0.04018891]
 [ 0.20815891  0.07243158 -0.22136089 -0.10978589  0.14191356]]
b1= 
[[-0.43464858  0.24223416 -0.11822511  0.13506415 -0.4530577 ]]
b2= 
[[ 0.01986287  0.36524636 -0.02666914 -0.01675834  0.44895641]]
W3= 
[[-0.83027653  0.5180234   0.05828333]
 [-2.08720485  0.26908804 -0.77419179]
 [-1.61343795 -0.20123573 -1.42019482]
 [-0.20138933 -0.36151443 -1.0400195 ]
 [-0.29992148  0.45274072 -0.65084122]]
b3= 
[[-0.37435475  0.5518112  -1.34362374]]
W4= 
[[-0.51082216  0.07406477 -0.19010054]
 [-0.98161384  0.02630569 -0.50725758]
 [-0.80230202 -0.16087264 -0.72903798]
 [-0.29640778 -0.22048948 -0.59206828]
 [-0.34752945  0.10090526 -0.46745648]]
b4= 
[[-0.42194396  0.22770342 -0.75863113]]
Оценка Эпохи  28 1.0
Эпоха  29
X= 
[[4 7]]
Y=  1
Критик  1
Z=  [[0.01979554 0.96671707 0.01348739]]
ВЕСА до Update
W1= 
[[ 0.0559856  -0.25402635  0.51087704 -0.47498797  0.32516774]
 [ 0.5360532   0.33368931  0.21209581  0.35692215  0.22714882]]
W2= 
[[-0.21444293 -0.20096178 -0.14637599 -0.20373645  0.06525722]
 [-0.280621   -0.07031864 -0.26841374  0.12419729 -0.33218537]
 [-0.21209658  0.31955138  0.36272709  0.01183816 -0.06921371]
 [-0.27099868 -0.30148479  0.0948654  -0.16855901  0.04061388]
 [ 0.20854921  0.07323738 -0.22077664 -0.1097125   0.14229832]]
b1= 
[[-0.4346613   0.24218991 -0.11817405  0.13503087 -0.453047  ]]
b2= 
[[ 0.02034366  0.36623898 -0.02594943 -0.01666794  0.44943038]]
W3= 
[[-0.86147866  0.52340652  0.04649086]
 [-2.14700653  0.27220378 -0.80525979]
 [-1.66232932 -0.20960827 -1.46446367]
 [-0.21987145 -0.37355845 -1.0760313 ]
 [-0.32173173  0.46042356 -0.67955864]]
b3= 
[[-0.40134032  0.56830901 -1.39030829]]
W4= 
[[-0.51276484  0.07770876 -0.19180185]
 [-0.98479373  0.03227039 -0.51004238]
 [-0.80494913 -0.15590732 -0.73135619]
 [-0.2988595  -0.21589065 -0.59421538]
 [-0.35089779  0.10722345 -0.47040633]]
b4= 
[[-0.427809    0.23870479 -0.76376745]]
Оценка Эпохи  29 1.0
Эпоха  30
X= 
[[0 7]]
Y=  1
Критик  1
Z=  [[0.01988011 0.9674937  0.01262619]]
ВЕСА до Update
W1= 
[[ 0.05594956 -0.25428699  0.51092207 -0.47524737  0.32518531]
 [ 0.53599014  0.3332332   0.21217462  0.3564682   0.22717957]]
W2= 
[[-0.21404602 -0.20017417 -0.14579238 -0.20365565  0.06564399]
 [-0.2802834  -0.06964872 -0.26791733  0.12426602 -0.33185639]
 [-0.21170124  0.32033588  0.36330841  0.01191864 -0.06882847]
 [-0.27072277 -0.30093728  0.0952711  -0.16850284  0.04088275]
 [ 0.2089248   0.07398269 -0.22022436 -0.10963604  0.14266431]]
b1= 
[[-0.43467031  0.24212475 -0.1181628   0.13496602 -0.45304261]]
b2= 
[[ 0.02075206  0.36704941 -0.0253489  -0.0165848   0.44982836]]
W3= 
[[-0.89272759  0.52890561  0.03462922]
 [-2.20688093  0.2755026  -0.83643816]
 [-1.71125411 -0.21787535 -1.50880455]
 [-0.23838426 -0.38550524 -1.11210962]
 [-0.34358708  0.46824505 -0.70836962]]
b3= 
[[-0.42838681  0.58501774 -1.43714284]]
W4= 
[[-0.51468573  0.0813454  -0.1935176 ]
 [-0.98792248  0.03819374 -0.51283698]
 [-0.8074459  -0.15118044 -0.73358631]
 [-0.30117093 -0.21151465 -0.59627996]
 [-0.35408507  0.11325761 -0.47325321]]
b4= 
[[-0.43328869  0.24907895 -0.76866192]]
Оценка Эпохи  30 1.0
Эпоха  31
X= 
[[1 8]]
Y=  1
Критик  1
Z=  [[0.01700814 0.97210069 0.01089117]]
ВЕСА до Update
W1= 
[[ 0.05594956 -0.25428699  0.51092207 -0.47524737  0.32518531]
 [ 0.53591173  0.33302307  0.212599    0.35633625  0.2272593 ]]
W2= 
[[-0.21365599 -0.19936759 -0.14521039 -0.20357786  0.06603175]
 [-0.27990784 -0.06887206 -0.26735694  0.12434092 -0.33148302]
 [-0.21137916  0.32100195  0.36378901  0.01198288 -0.06850826]
 [-0.27034577 -0.30015764  0.09583365 -0.16842765  0.04125755]
 [ 0.20923082  0.07461555 -0.21976773 -0.109575    0.14296856]]
b1= 
[[-0.43468151  0.24209474 -0.11810217  0.13494717 -0.45303122]]
b2= 
[[ 0.02115622  0.36788523 -0.02474582 -0.01650418  0.45023017]]
W3= 
[[-0.92406685  0.53456191  0.0227007 ]
 [-2.26689937  0.27905224 -0.86772331]
 [-1.76032512 -0.22588935 -1.55325231]
 [-0.25703612 -0.39721148 -1.14828945]
 [-0.36562892  0.47638934 -0.73731692]]
b3= 
[[-0.4557734   0.60231446 -1.48422526]]
W4= 
[[-0.51653029  0.08480311 -0.19513075]
 [-0.99091444  0.04380231 -0.51545359]
 [-0.80995936 -0.14646884 -0.73578444]
 [-0.30351271 -0.20712487 -0.59832795]
 [-0.35729303  0.11927106 -0.4760587 ]]
b4= 
[[-0.43888241  0.25956462 -0.77355388]]
Оценка Эпохи  31 1.0
Эпоха  32
X= 
[[4 8]]
Y=  1
Критик  1
Z=  [[0.0136487  0.97728102 0.00907027]]
ВЕСА до Update
W1= 
[[ 0.05594394 -0.25431168  0.51095435 -0.47526565  0.32519253]
 [ 0.5358668   0.33282551  0.2128572   0.35618999  0.22731706]]
W2= 
[[-0.21330733 -0.19864869 -0.14468833 -0.20350468  0.06638138]
 [-0.27957561 -0.06818703 -0.26685948  0.12441066 -0.33114986]
 [-0.21106253  0.32165482  0.36426311  0.01204934 -0.06819074]
 [-0.27001683 -0.29947941  0.09632617 -0.1683586   0.0415874 ]
 [ 0.20953108  0.07523467 -0.21931814 -0.10951198  0.14326966]]
b1= 
[[-0.43468712  0.24207004 -0.11806989  0.13492889 -0.453024  ]]
b2= 
[[ 0.02151188  0.36861856 -0.02421328 -0.01642953  0.45058682]]
W3= 
[[-0.9554619   0.54033709  0.0107091 ]
 [-2.32702123  0.28281674 -0.89911988]
 [-1.80947699 -0.23373311 -1.59778944]
 [-0.27575679 -0.40877026 -1.18454794]
 [-0.38777087  0.48474564 -0.7663761 ]]
b3= 
[[-0.48333086  0.61997454 -1.53150018]]
W4= 
[[-0.51830353  0.08813753 -0.19669194]
 [-0.99384755  0.04931779 -0.51803596]
 [-0.81239692 -0.14188519 -0.73793053]
 [-0.30575499 -0.20290844 -0.6003021 ]
 [-0.36039049  0.1250956  -0.47878578]]
b4= 
[[-0.44426724  0.26969037 -0.7782948 ]]
Оценка Эпохи  32 1.0
Эпоха  33
X= 
[[4 8]]
Y=  1
Критик  1
Z=  [[0.01191391 0.98020519 0.00788091]]
ВЕСА до Update
W1= 
[[ 0.05592803 -0.25446492  0.51098184 -0.47543036  0.32520384]
 [ 0.53583498  0.33251904  0.21291218  0.35586057  0.22733968]]
W2= 
[[-0.21301045 -0.1980561  -0.14425035 -0.20343842  0.06667644]
 [-0.27931341 -0.06766366 -0.26647265  0.12446918 -0.33088927]
 [-0.21076842  0.32224188  0.36469701  0.01211498 -0.06789844]
 [-0.26979126 -0.29902915  0.09665896 -0.16830826  0.04181159]
 [ 0.20981338  0.07579814 -0.21890166 -0.10944897  0.14355022]]
b1= 
[[-0.4346911   0.24203173 -0.11806302  0.13488771 -0.45302117]]
b2= 
[[ 0.0218138   0.3692212  -0.02376786 -0.01636215  0.45088688]]
W3= 
[[-9.86914350e-01  5.46239125e-01 -1.35196171e-03]
 [-2.38723588e+00  2.86787364e-01 -9.30629797e-01]
 [-1.85868942e+00 -2.41434250e-01 -1.64240863e+00]
 [-2.94533174e-01 -4.20197819e-01 -1.22088193e+00]
 [-4.09991389e-01  4.93285944e-01 -7.95540731e-01]]
b3= 
[[-0.51101459  0.63793664 -1.57895086]]
W4= 
[[-0.52005173  0.09144986 -0.19825607]
 [-0.99672872  0.05477675 -0.52061375]
 [-0.81470962 -0.13750332 -0.73999971]
 [-0.30788248 -0.19887747 -0.60220558]
 [-0.3633372   0.13067875 -0.48142222]]
b4= 
[[-0.44933905  0.27929996 -0.78283257]]
Оценка Эпохи  33 1.0
Эпоха  34
X= 
[[1 7]]
Y=  1
Критик  1
Z=  [[0.01128619 0.98158458 0.00712923]]
ВЕСА до Update
W1= 
[[ 0.05591382 -0.25460221  0.51100646 -0.47557778  0.32521411]
 [ 0.53580655  0.33224446  0.21296142  0.35556574  0.22736023]]
W2= 
[[-0.21274448 -0.19752628 -0.14385844 -0.20337733  0.06694176]
 [-0.27907859 -0.0671959  -0.26612665  0.1245231  -0.33065503]
 [-0.21050492  0.32276677  0.36508527  0.0121755  -0.06763559]
 [-0.26958934 -0.29862692  0.09695649 -0.16826188  0.04201302]
 [ 0.21006629  0.07630195 -0.218529   -0.10939089  0.14380251]]
b1= 
[[-0.43469465  0.24199741 -0.11805687  0.13485086 -0.4530186 ]]
b2= 
[[ 0.02208429  0.36976003 -0.0233693  -0.01630003  0.45115671]]
W3= 
[[-1.01843752  0.55228188 -0.01348302]
 [-2.44756722  0.29099012 -0.96225515]
 [-1.90799544 -0.24894918 -1.68712043]
 [-0.31339526 -0.43145477 -1.25730082]
 [-0.43233084  0.50206297 -0.82482314]]
b3= 
[[-0.53890239  0.65630508 -1.62660379]]
W4= 
[[-0.52175435  0.09467832 -0.19978191]
 [-0.99953542  0.06009875 -0.52312905]
 [-0.81696217 -0.13323209 -0.74201838]
 [-0.30995254 -0.19495229 -0.60406071]
 [-0.36620563  0.13611779 -0.48399283]]
b4= 
[[-0.45427278  0.28865515 -0.78725404]]
Оценка Эпохи  34 1.0
Эпоха  35
X= 
[[3 7]]
Y=  1
Критик  1
Z=  [[0.00912159 0.98494043 0.00593797]]
ВЕСА до Update
W1= 
[[ 0.05590717 -0.25462567  0.51103362 -0.47559531  0.32522042]
 [ 0.53575999  0.33208023  0.21315155  0.35544297  0.22740438]]
W2= 
[[-0.21249653 -0.19702058 -0.14349017 -0.20332053  0.06719195]
 [-0.27884522 -0.06671994 -0.26578004  0.12457657 -0.33041955]
 [-0.2102823   0.3232208   0.36541592  0.0122265  -0.06741096]
 [-0.26935967 -0.29815852  0.0972976  -0.16820927  0.04224475]
 [ 0.21027457  0.07672673 -0.21821966 -0.10934317  0.14401267]]
b1= 
[[-0.43470131  0.24197395 -0.1180297   0.13483332 -0.4530123 ]]
b2= 
[[ 0.02234076  0.37028309 -0.02298839 -0.01624127  0.45141549]]
W3= 
[[-1.05004145  0.55847505 -0.02568374]
 [-2.50802964  0.29543731 -0.99399388]
 [-1.95742077 -0.25624372 -1.73193332]
 [-0.33236696 -0.44250924 -1.29381259]
 [-0.45481951  0.511116   -0.85423234]]
b3= 
[[-0.56705354  0.67515972 -1.67447958]]
W4= 
[[-0.52340444  0.09778986 -0.20124335]
 [-1.00224419  0.06520659 -0.52552812]
 [-0.81921409 -0.12898571 -0.74401285]
 [-0.31202185 -0.19105025 -0.60589344]
 [-0.36905831  0.14149701 -0.48651936]]
b4= 
[[-0.4592163   0.29797702 -0.79163238]]
Оценка Эпохи  35 1.0
Эпоха  36
X= 
[[2 8]]
Y=  1
Критик  1
Z=  [[0.0083972 0.9862978 0.005305 ]]
ВЕСА до Update
W1= 
[[ 0.05589215 -0.25471312  0.51106262 -0.47567871  0.32523046]
 [ 0.53572495  0.33187617  0.21321922  0.35524838  0.2274278 ]]
W2= 
[[-0.21228578 -0.19660098 -0.14318013 -0.20326978  0.06740362]
 [-0.27865874 -0.06634867 -0.26550571  0.12462147 -0.33023226]
 [-0.21007633  0.32363087  0.36571892  0.0122761  -0.06720409]
 [-0.26919288 -0.29782645  0.09754297 -0.16816911  0.04241228]
 [ 0.21046839  0.07711263 -0.21793452 -0.1092965   0.14420734]]
b1= 
[[-0.43470631  0.2419448  -0.11802004  0.13480552 -0.45300895]]
b2= 
[[ 0.02255798  0.37071556 -0.02266883 -0.01618897  0.45163366]]
W3= 
[[-1.08170948  0.5648018  -0.03795394]
 [-2.56859764  0.30010442 -1.02584692]
 [-2.00692478 -0.26337129 -1.7768345 ]
 [-0.35140972 -0.45341243 -1.33040457]
 [-0.47740798  0.52038076 -0.88375347]]
b3= 
[[-0.59537139  0.69437041 -1.72254472]]
W4= 
[[-0.52502194  0.10085848 -0.20269447]
 [-1.00490169  0.07024826 -0.52791228]
 [-0.82136761 -0.12490018 -0.74594486]
 [-0.31399311 -0.18731048 -0.60766194]
 [-0.37178705  0.14667381 -0.48896743]]
b4= 
[[-0.46390684  0.30687564 -0.79584047]]
Оценка Эпохи  36 1.0
Эпоха  37
X= 
[[3 8]]
Y=  1
Критик  1
Z=  [[0.00706453 0.98842864 0.00450683]]
ВЕСА до Update
W1= 
[[ 0.05588623 -0.25474758  0.5110863  -0.47570874  0.32523727]
 [ 0.53570129  0.33173835  0.21331394  0.35512826  0.22745503]]
W2= 
[[-0.21208873 -0.1962013  -0.14288752 -0.20322179  0.06760433]
 [-0.27847484 -0.06597566 -0.26523262  0.12466627 -0.33004494]
 [-0.20988929  0.32401025  0.36599666  0.01232165 -0.06701358]
 [-0.26901549 -0.29746664  0.09780638 -0.1681259   0.04259296]
 [ 0.21064561  0.07747207 -0.21767136 -0.10925334  0.14438784]]
b1= 
[[-0.43470927  0.24192757 -0.1180082   0.13479051 -0.45300555]]
b2= 
[[ 0.02275877  0.37112284 -0.02237066 -0.01614006  0.45183818]]
W3= 
[[-1.11345311  0.571273   -0.05029298]
 [-2.62929447  0.30501683 -1.05781645]
 [-2.05653819 -0.27029141 -1.82183374]
 [-0.37055155 -0.46412757 -1.36708553]
 [-0.50013467  0.52990769 -0.91339856]]
b3= 
[[-0.62393063  0.71403833 -1.77082571]]
W4= 
[[-0.52658081  0.10380695 -0.20408408]
 [-1.0074925   0.07514856 -0.53022178]
 [-0.82349921 -0.12086843 -0.74784501]
 [-0.31593751 -0.18363281 -0.60939521]
 [-0.37448549  0.1517777  -0.49137287]]
b4= 
[[-0.46856972  0.31569511 -0.79999705]]
Оценка Эпохи  37 1.0
Эпоха  38
X= 
[[0 7]]
Y=  1
Критик  1
Z=  [[0.00675219 0.98915569 0.00409212]]
ВЕСА до Update
W1= 
[[ 0.05587897 -0.2548026   0.5111057  -0.4757633   0.32524414]
 [ 0.53568192  0.33159162  0.21336566  0.35498278  0.22747337]]
W2= 
[[-0.21191705 -0.19585717 -0.14263403 -0.20317861  0.06777903]
 [-0.27831861 -0.0656625  -0.26500195  0.12470555 -0.32988596]
 [-0.20972191  0.32434578  0.36624381  0.01236375 -0.06684325]
 [-0.26887136 -0.29717772  0.0980192  -0.16808966  0.04273963]
 [ 0.21080504  0.07779168 -0.21743594 -0.10921324  0.14455009]]
b1= 
[[-0.43471169  0.24190923 -0.11800173  0.13477232 -0.45300325]]
b2= 
[[ 0.02293353  0.37147316 -0.02211262 -0.01609611  0.45201602]]
W3= 
[[-1.14526673  0.57788348 -0.06270131]
 [-2.69010702  0.31015969 -1.0899007 ]
 [-2.1062434  -0.27702787 -1.86692482]
 [-0.38977713 -0.47467519 -1.40385026]
 [-0.52297796  0.53966778 -0.9431602 ]]
b3= 
[[-0.65268908  0.73410518 -1.8193064 ]]
W4= 
[[-0.52810801  0.10670378 -0.20545371]
 [-1.01002654  0.07995519 -0.53249437]
 [-0.8255604  -0.11695871 -0.74969353]
 [-0.31781762 -0.18006658 -0.61108134]
 [-0.37709746  0.15673214 -0.49371535]]
b4= 
[[-0.47306726  0.32422613 -0.80403054]]
Оценка Эпохи  38 1.0
Эпоха  39
X= 
[[0 7]]
Y=  1
Критик  1
Z=  [[0.00586033 0.99060958 0.00353009]]
ВЕСА до Update
W1= 
[[ 0.05587897 -0.2548026   0.5111057  -0.4757633   0.32524414]
 [ 0.53565002  0.33150508  0.21354102  0.35492869  0.22750977]]
W2= 
[[-0.21175531 -0.19552709 -0.14239503 -0.20313841  0.06794442]
 [-0.27816299 -0.0653449  -0.26477198  0.12474424 -0.32972683]
 [-0.2095881   0.32461885  0.36644154  0.01239701 -0.06670643]
 [-0.26871512 -0.29685887  0.09825008 -0.16805082  0.04289939]
 [ 0.21093202  0.07805082 -0.2172483  -0.10918168  0.14467993]]
b1= 
[[-0.43471625  0.24189687 -0.11797668  0.13476459 -0.45299805]]
b2= 
[[ 0.02310115  0.37181524 -0.02186492 -0.01605444  0.45218742]]
W3= 
[[-1.17716237  0.58464687 -0.07518054]
 [-2.75104894  0.31554464 -1.12209768]
 [-2.15606253 -0.2835524  -1.91211392]
 [-0.40911015 -0.48502339 -1.44070697]
 [-0.54596659  0.54969815 -0.97304677]]
b3= 
[[-0.68170276  0.75464597 -1.86800581]]
W4= 
[[-0.52961266  0.10954107 -0.20678634]
 [-1.01247475  0.08457169 -0.53466267]
 [-0.82761427 -0.1130858  -0.75151258]
 [-0.31971655 -0.17648583 -0.61276316]
 [-0.37970728  0.1616534  -0.49602679]]
b4= 
[[-0.47759676  0.33276728 -0.80804218]]
Оценка Эпохи  39 1.0
Эпоха  40
X= 
[[1 8]]
Y=  1
Критик  1
Z=  [[0.00491398 0.99209539 0.00299063]]
ВЕСА до Update
W1= 
[[ 0.05587897 -0.2548026   0.5111057  -0.4757633   0.32524414]
 [ 0.53562174  0.33142831  0.21369653  0.35488072  0.22754229]]
W2= 
[[-0.21161171 -0.19523441 -0.14218305 -0.20310194  0.06809172]
 [-0.27802482 -0.0650633  -0.26456803  0.12477933 -0.32958511]
 [-0.20946927  0.32486104  0.36661695  0.01242719 -0.06658454]
 [-0.26857641 -0.29657615  0.09845484 -0.16801559  0.04304168]
 [ 0.21104477  0.07828061 -0.21708188 -0.10915304  0.14479559]]
b1= 
[[-0.43472029  0.2418859  -0.11795447  0.13475774 -0.45299341]]
b2= 
[[ 0.02324997  0.37211855 -0.02164525 -0.01601665  0.45234007]]
W3= 
[[-1.20913054  0.59155112 -0.0877281 ]
 [-2.81210894  0.32115893 -1.15440592]
 [-2.2059807  -0.28988458 -1.95739632]
 [-0.42853461 -0.49519398 -1.47764986]
 [-0.56908096  0.55997273 -1.00305183]]
b3= 
[[-0.71093445  0.77561026 -1.91691071]]
W4= 
[[-0.53108223  0.11231393 -0.20808963]
 [-1.01486649  0.08908457 -0.53678381]
 [-0.82962055 -0.10930022 -0.75329188]
 [-0.32157041 -0.17298785 -0.61440728]
 [-0.38225577  0.16646205 -0.49828694]]
b4= 
[[-0.48201825  0.34111001 -0.81196343]]
Оценка Эпохи  40 1.0
Эпоха  41
X= 
[[5 7]]
Y=  1
Критик  1
Z=  [[0.00348091 0.99421736 0.00230173]]
ВЕСА до Update
W1= 
[[ 0.05587699 -0.25481143  0.51111721 -0.47576981  0.32524699]
 [ 0.53560588  0.33135763  0.21378862  0.35482864  0.22756505]]
W2= 
[[-0.21148639 -0.1949797  -0.14199738 -0.20306896  0.06822127]
 [-0.27790551 -0.0648208  -0.26439126  0.12481072 -0.32946176]
 [-0.20935535  0.3250926   0.36678574  0.01245717 -0.06646676]
 [-0.26845829 -0.29633607  0.09862985 -0.16798451  0.04316379]
 [ 0.21115274  0.07850005 -0.21692191 -0.10912463  0.1449072 ]]
b1= 
[[-0.43472227  0.24187706 -0.11794295  0.13475123 -0.45299056]]
b2= 
[[ 0.02337781  0.37237838 -0.02145584 -0.01598301  0.45247223]]
W3= 
[[-1.24116696  0.59858994 -0.10034197]
 [-2.87328534  0.32700154 -1.18682606]
 [-2.25599401 -0.29602962 -2.00277073]
 [-0.44804439 -0.50519617 -1.51467582]
 [-0.59231504  0.57048302 -1.03317288]]
b3= 
[[-0.74037245  0.79698109 -1.96601584]]
W4= 
[[-0.53250028  0.11499719 -0.20935484]
 [-1.0172184   0.09353489 -0.53888221]
 [-0.83157273 -0.10560629 -0.75503363]
 [-0.32335293 -0.16961494 -0.61599767]
 [-0.38472602  0.17113628 -0.50049093]]
b4= 
[[-0.48629267  0.34919813 -0.81577712]]
Оценка Эпохи  41 1.0
Эпоха  42
X= 
[[4 8]]
Y=  1
Критик  1
Z=  [[0.00328221 0.99464066 0.00207713]]
ВЕСА до Update
W1= 
[[ 0.05586705 -0.25490147  0.51112531 -0.47585407  0.32525149]
 [ 0.53559197  0.33123158  0.21379996  0.35471067  0.22757135]]
W2= 
[[-0.21139069 -0.19479705 -0.14185958 -0.20304217  0.06831797]
 [-0.27782845 -0.06467372 -0.2642803   0.12483229 -0.3293839 ]
 [-0.2092589   0.32527667  0.36692461  0.01248416 -0.06636931]
 [-0.26840325 -0.29623104  0.09870908 -0.1679691   0.0432194 ]
 [ 0.21124526  0.07867662 -0.21678871 -0.10909874  0.14500068]]
b1= 
[[-0.43472426  0.24185906 -0.11794133  0.13473438 -0.45298966]]
b2= 
[[ 0.02347615  0.37256605 -0.02131426 -0.01595548  0.45257159]]
W3= 
[[-1.27326976  0.60576541 -0.11302612]
 [-2.93456542  0.3330592  -1.21935758]
 [-2.3060818  -0.30201704 -2.04822828]
 [-0.46762406 -0.51505104 -1.5517792 ]
 [-0.6156453   0.58119626 -1.0634007 ]]
b3= 
[[-0.76996952  0.81868981 -2.01529979]]
W4= 
[[-0.53392686  0.11773084 -0.21066191]
 [-1.01952441  0.09795373 -0.54099504]
 [-0.83337877 -0.1021455  -0.75668837]
 [-0.32501958 -0.16642126 -0.6175247 ]
 [-0.38702946  0.17555019 -0.5026014 ]]
b4= 
[[-0.49020966  0.35670396 -0.81936597]]
Оценка Эпохи  42 1.0
Эпоха  43
X= 
[[4 7]]
Y=  1
Критик  1
Z=  [[0.00271714 0.99554589 0.00173696]]
ВЕСА до Update
W1= 
[[ 0.05586228 -0.25494801  0.5111336  -0.47590374  0.32525524]
 [ 0.53558242  0.33113851  0.21381654  0.35461134  0.22757885]]
W2= 
[[-0.2113002  -0.19461921 -0.1417275  -0.20301681  0.06841098]
 [-0.27774869 -0.06451696 -0.26416387  0.12485465 -0.32930191]
 [-0.20916924  0.3254529   0.3670555   0.0125093  -0.06627714]
 [-0.26833475 -0.2960964   0.09880909 -0.1679499   0.04328982]
 [ 0.21133131  0.07884576 -0.21666308 -0.10907461  0.14508914]]
b1= 
[[-0.43472545  0.24184742 -0.11793926  0.13472196 -0.45298873]]
b2= 
[[ 0.02356817  0.37274692 -0.02117992 -0.01592969  0.45266618]]
W3= 
[[-1.30544795  0.6130846  -0.12577859]
 [-2.99597228  0.33935796 -1.25200344]
 [-2.3562733  -0.30780771 -2.09377887]
 [-0.48729776 -0.52472736 -1.58896712]
 [-0.6391067   0.59215842 -1.0937463 ]]
b3= 
[[-0.79979275  0.84082745 -2.0647865 ]]
W4= 
[[-0.53529658  0.12034279 -0.21190415]
 [-1.02178567  0.10226579 -0.54304584]
 [-0.8351922  -0.09868742 -0.75833303]
 [-0.32667689 -0.16326089 -0.61902776]
 [-0.38933151  0.17994004 -0.5046892 ]]
b4= 
[[-0.49415455  0.3642266  -0.82294371]]
Оценка Эпохи  43 1.0
Эпоха  44
X= 
[[1 8]]
Y=  1
Критик  1
Z=  [[0.00273221 0.9956446  0.00162319]]
ВЕСА до Update
W1= 
[[ 0.05585551 -0.25499781  0.51114217 -0.47595265  0.32525913]
 [ 0.53557058  0.33105135  0.21383154  0.35452575  0.22758566]]
W2= 
[[-0.21122363 -0.19447075 -0.14161655 -0.20299485  0.06848939]
 [-0.2776838  -0.06439116 -0.26406985  0.12487326 -0.32923547]
 [-0.20909292  0.32560084  0.36716607  0.01253118 -0.066199  ]
 [-0.26828186 -0.29599386  0.09888571 -0.16793474  0.04334397]
 [ 0.2114038   0.0789863  -0.21655805 -0.10905383  0.14516336]]
b1= 
[[-0.43472714  0.24183497 -0.11793712  0.13470973 -0.45298775]]
b2= 
[[ 0.02364697  0.37289969 -0.02106574 -0.01590709  0.45274687]]
W3= 
[[-1.33769792  0.62054391 -0.13859942]
 [-3.05749528  0.34588384 -1.28476026]
 [-2.40655686 -0.31341821 -2.13941757]
 [-0.50705594 -0.53423839 -1.62623585]
 [-0.66268488  0.60334915 -1.12420368]]
b3= 
[[-0.82981471  0.86335427 -2.11446366]]
W4= 
[[-0.5366482   0.12292661 -0.21313634]
 [-1.02399319  0.10648577 -0.5450583 ]
 [-0.83695145 -0.09532436 -0.75993683]
 [-0.32828827 -0.1601805  -0.62049676]
 [-0.39156389  0.18420756 -0.50672433]]
b4= 
[[-0.49796589  0.3715125  -0.82641827]]
Оценка Эпохи  44 1.0
Эпоха  45
X= 
[[5 8]]
Y=  1
Критик  1
Z=  [[0.00198448 0.99675117 0.00126435]]
ВЕСА до Update
W1= 
[[ 0.05585431 -0.25500316  0.51114911 -0.47595659  0.32526088]
 [ 0.535561    0.33100857  0.21388709  0.35449421  0.22759969]]
W2= 
[[-0.21114776 -0.19431723 -0.14150459 -0.2029734   0.06856874]
 [-0.27761158 -0.06424502 -0.26396328  0.12489368 -0.32915994]
 [-0.20902394  0.32574043  0.36726787  0.01255068 -0.06612686]
 [-0.26821036 -0.29584918  0.09899122 -0.16791452  0.04341874]
 [ 0.21146917  0.07911858 -0.21646158 -0.10903535  0.14523173]]
b1= 
[[-0.43472834  0.24182962 -0.11793017  0.13470579 -0.452986  ]]
b2= 
[[ 0.02372437  0.37305631 -0.02095153 -0.01588521  0.45282782]]
W3= 
[[-1.37002298  0.62814418 -0.1514861 ]
 [-3.11914422  0.35264577 -1.31762719]
 [-2.45694768 -0.3188283  -2.18514941]
 [-0.52691167 -0.5435671  -1.66358933]
 [-0.6863984   0.61479278 -1.15477863]]
b3= 
[[-0.86007246  0.8863213  -2.16434524]]
W4= 
[[-0.53794934  0.12539305 -0.21430165]
 [-1.02615208  0.11057818 -0.54699183]
 [-0.83874305 -0.09192819 -0.76154141]
 [-0.32992205 -0.15708349 -0.62195999]
 [-0.39382928  0.18850185 -0.50875324]]
b4= 
[[-0.50188235  0.37893659 -0.8299259 ]]
Оценка Эпохи  45 1.0
Эпоха  46
X= 
[[2 7]]
Y=  1
Критик  1
Z=  [[0.00190236 0.99695353 0.00114411]]
ВЕСА до Update
W1= 
[[ 0.05585066 -0.25504832  0.51115319 -0.47600495  0.32526319]
 [ 0.53555515  0.33093632  0.21389361  0.35441683  0.22760337]]
W2= 
[[-0.21108855 -0.19420306 -0.14141904 -0.2029558   0.06862973]
 [-0.2775614  -0.06414826 -0.26389078  0.1249086  -0.32910824]
 [-0.20896471  0.32585464  0.36735343  0.01256829 -0.06606584]
 [-0.26817164 -0.29577452  0.09904716 -0.16790301  0.04345863]
 [ 0.21152646  0.07922905 -0.21637881 -0.10901831  0.14529075]]
b1= 
[[-0.43472907  0.24182059 -0.11792936  0.13469612 -0.45298554]]
b2= 
[[ 0.02378453  0.37317232 -0.02086461 -0.01586732  0.45288979]]
W3= 
[[-1.40241517  0.63587801 -0.16443922]
 [-3.18090193  0.35962456 -1.35060221]
 [-2.50742107 -0.32407249 -2.2309646 ]
 [-0.54684385 -0.5527424  -1.70101979]
 [-0.71021777  0.62644886 -1.18546019]]
b3= 
[[-0.89050904  0.90964802 -2.21440768]]
W4= 
[[-0.53924565  0.12787537 -0.21548765]
 [-1.02827369  0.11464087 -0.5489329 ]
 [-0.84041709 -0.08872256 -0.763073  ]
 [-0.33146172 -0.15413518 -0.62336864]
 [-0.39596244  0.19258664 -0.51070487]]
b4= 
[[-0.50552337  0.38590878 -0.83325708]]
Оценка Эпохи  46 1.0
Эпоха  47
X= 
[[2 7]]
Y=  1
Критик  1
Z=  [[1.63102926e-03 9.97393590e-01 9.75381009e-04]]
ВЕСА до Update
W1= 
[[ 0.0558479  -0.25506099  0.5111611  -0.47601588  0.32526559]
 [ 0.5355455   0.33089197  0.21392132  0.35437857  0.22761179]]
W2= 
[[-0.21103332 -0.19409319 -0.14133824 -0.20293951  0.0686874 ]
 [-0.27751089 -0.06404778 -0.26381688  0.12492349 -0.3290555 ]
 [-0.20891242  0.32595866  0.36742993  0.01258371 -0.06601125]
 [-0.2681237  -0.29567915  0.0991173  -0.16788887  0.04350869]
 [ 0.21157534  0.07932627 -0.21630731 -0.1090039   0.14534178]]
b1= 
[[-0.43473045  0.24181426 -0.1179254   0.13469065 -0.45298434]]
b2= 
[[ 0.02384155  0.37328576 -0.02078118 -0.01585051  0.45294933]]
W3= 
[[-1.43487952  0.64374877 -0.1774571 ]
 [-3.24277917  0.36683004 -1.38368439]
 [-2.55799457 -0.32912732 -2.27686904]
 [-0.5668667  -0.56174609 -1.73853118]
 [-0.7341628   0.63834279 -1.21625392]]
b3= 
[[-0.92116261  0.93338521 -2.26466361]]
W4= 
[[-0.54050074  0.13026378 -0.21662097]
 [-1.03034421  0.11858101 -0.55080253]
 [-0.8421172  -0.0854873  -0.76460815]
 [-0.33300924 -0.15119029 -0.62476601]
 [-0.39810705  0.19666779 -0.5126414 ]]
b4= 
[[-0.50921239  0.3929289  -0.83658817]]
Оценка Эпохи  47 1.0
Эпоха  48
X= 
[[4 8]]
Y=  1
Критик  1
Z=  [[1.30897102e-03 9.97888007e-01 8.03022432e-04]]
ВЕСА до Update
W1= 
[[ 0.05584549 -0.25507207  0.51116802 -0.47602544  0.3252677 ]
 [ 0.53553706  0.33085319  0.21394552  0.35434511  0.22761917]]
W2= 
[[-0.21098502 -0.1939972  -0.14126765 -0.20292506  0.06873796]
 [-0.27746672 -0.06395999 -0.26375232  0.1249367  -0.32900926]
 [-0.2088667   0.32604954  0.36749677  0.01259739 -0.06596338]
 [-0.26808178 -0.29559583  0.09917858 -0.16787633  0.04355258]
 [ 0.21161807  0.07941121 -0.21624484 -0.10899111  0.14538652]]
b1= 
[[-0.43473165  0.24180872 -0.11792194  0.13468587 -0.45298328]]
b2= 
[[ 0.02389142  0.37338487 -0.02070829 -0.01583559  0.45300154]]
W3= 
[[-1.46741278  0.6517521  -0.19053865]
 [-3.30477011  0.37425424 -1.4168716 ]
 [-2.60866141 -0.33400256 -2.3228597 ]
 [-0.5869745  -0.57058635 -1.77612105]
 [-0.75822558  0.65046322 -1.24715642]]
b3= 
[[-0.95201866  0.95751195 -2.31510659]]
W4= 
[[-0.54173071  0.13260533 -0.21773256]
 [-1.0323734   0.12244408 -0.5526364 ]
 [-0.84378332 -0.08231542 -0.7661139 ]
 [-0.33452555 -0.14830361 -0.62613637]
 [-0.40020859  0.20066858 -0.51454066]]
b4= 
[[-0.51282684  0.39980992 -0.83985473]]
Оценка Эпохи  48 1.0
Эпоха  49
X= 
[[1 8]]
Y=  1
Критик  1
Z=  [[1.27399526e-03 9.97991695e-01 7.34309244e-04]]
ВЕСА до Update
W1= 
[[ 0.05584334 -0.25509304  0.51117173 -0.47604782  0.32526942]
 [ 0.53553277  0.33081126  0.21395295  0.35430035  0.22762262]]
W2= 
[[-0.21094424 -0.19391752 -0.14120842 -0.2029125   0.06878059]
 [-0.27743079 -0.06388979 -0.26370014  0.12494777 -0.3289717 ]
 [-0.20882628  0.3261285   0.36755546  0.01260984 -0.06592113]
 [-0.26805093 -0.29553556  0.09922338 -0.16786682  0.04358482]
 [ 0.21165686  0.079487   -0.21618851 -0.10897916  0.14542707]]
b1= 
[[-0.43473219  0.24180347 -0.11792102  0.13468028 -0.45298285]]
b2= 
[[ 0.0239329   0.37346591 -0.02064806 -0.01582281  0.4530449 ]]
W3= 
[[-1.50001329  0.65988603 -0.20368354]
 [-3.36687215  0.38189419 -1.45016345]
 [-2.65941641 -0.33870632 -2.36893371]
 [-0.60716286 -0.57926992 -1.81378706]
 [-0.78240047  0.66280166 -1.27816481]]
b3= 
[[-0.98306625  0.98201127 -2.36573062]]
W4= 
[[-0.54293977  0.13491671 -0.21883487]
 [-1.03437002  0.12626106 -0.55445676]
 [-0.84538423 -0.07925494 -0.76757348]
 [-0.33598674 -0.14551023 -0.62746857]
 [-0.40223937  0.20455086 -0.51639216]]
b4= 
[[-0.51630357  0.40645644 -0.84302453]]
Оценка Эпохи  49 1.0
