Python 3.9.12 (main, Apr  4 2022, 05:22:27) [MSC v.1916 64 bit (AMD64)] on win32
Type "help", "copyright", "credits" or "license()" for more information.
>>> 
============= RESTART: C:\Users\Dima\Desktop\dl\fashion\TEACHing.py ============
Эпоха  0
X= 
[[0 0]]
Y=  0
Критик  0
Z=  [[0.39600387 0.31201459 0.29198154]]
ВЕСА до Update
W1= 
[[ 0.03545881  0.38839151  0.01799248  0.38359426 -0.31268281]
 [-0.02786589 -0.68892687 -0.6167682  -0.61992283 -0.54121351]]
W2= 
[[-0.12031542 -0.02876255  0.08462534 -0.39095447 -0.42956015]
 [ 0.25155952  0.039896   -0.10203047 -0.30195314 -0.18557761]
 [-0.04478072  0.1413176  -0.12325631 -0.32290478  0.39355685]
 [ 0.26146784 -0.22826715  0.0248456  -0.24962145 -0.22124834]
 [ 0.24740896  0.19015855  0.10053189 -0.03450688 -0.43989334]]
b1= 
[[ 0.15841062  0.41291233 -0.40375692 -0.31865696  0.10460723]]
b2= 
[[ 0.06981459 -0.42436429 -0.3933751   0.28032089 -0.25456477]]
W3= 
[[ 0.29097361  0.04861505 -0.23776386]
 [-0.33398851 -0.05549532 -0.36510272]
 [ 0.18831772 -0.30930539 -0.37717839]
 [-0.15656091  0.39411319 -0.29402372]
 [-0.13987566  0.02521722  0.27706222]]
b3= 
[[ 0.02864773 -0.25843963  0.20209173]]
W4= 
[[-0.18695889 -0.40373097 -0.65987606]
 [-0.745942   -0.49685012 -0.77377139]
 [-0.27877711 -0.72386475 -0.7845722 ]
 [-0.58724593 -0.09470804 -0.7101964 ]
 [-0.57232219 -0.42465863 -0.19940161]]
b4= 
[[-0.42159029 -0.67836903 -0.26645726]]
Оценка Эпохи  0 1.0
Эпоха  1
X= 
[[0 4]]
Y=  0
Критик  0
Z=  [[0.40940435 0.30936642 0.28122923]]
ВЕСА до Update
W1= 
[[ 0.03545881  0.38839151  0.01799248  0.38359426 -0.31268281]
 [-0.02786589 -0.68892687 -0.6167682  -0.61992283 -0.54121351]]
W2= 
[[-0.11872877 -0.02930158  0.08682851 -0.39186516 -0.43063376]
 [ 0.25332929  0.03929475 -0.09957304 -0.30296894 -0.18677513]
 [-0.04360316  0.14091755 -0.1216212  -0.32358067  0.39276006]
 [ 0.26270595 -0.22868777  0.0265648  -0.25033209 -0.22208611]
 [ 0.24895623  0.18963289  0.10268037 -0.03539497 -0.4409403 ]]
b1= 
[[ 0.15879202  0.41319085 -0.40400044 -0.31817917  0.10507638]]
b2= 
[[ 0.07275545 -0.42536339 -0.38929153  0.27863291 -0.2565547 ]]
W3= 
[[ 0.2999091   0.01398248 -0.28710074]
 [-0.36475294 -0.09253301 -0.4182944 ]
 [ 0.18525715 -0.35979558 -0.43086049]
 [-0.1778818   0.38124442 -0.34336308]
 [-0.16343246 -0.0058313   0.2598846 ]]
b3= 
[[ 0.03730647 -0.31667854  0.1696869 ]]
W4= 
[[-0.1677445  -0.4136232  -0.66919822]
 [-0.7326016  -0.50371821 -0.7802437 ]
 [-0.26574755 -0.73057281 -0.7908937 ]
 [-0.57398011 -0.10153774 -0.71663253]
 [-0.56204186 -0.42995129 -0.20438927]]
b4= 
[[-0.38921756 -0.69503561 -0.28216341]]
Оценка Эпохи  1 1.0
Эпоха  2
X= 
[[2 3]]
Y=  0
Критик  0
Z=  [[0.44239678 0.29028394 0.26731928]]
ВЕСА до Update
W1= 
[[ 0.03545881  0.38839151  0.01799248  0.38359426 -0.31268281]
 [-0.02630905 -0.68851992 -0.61698657 -0.61947281 -0.54037391]]
W2= 
[[-0.11701174 -0.02975041  0.08907872 -0.39272257 -0.4316941 ]
 [ 0.25362337  0.03921788 -0.09918764 -0.30311579 -0.18695674]
 [-0.04342335  0.14087055 -0.12138555 -0.32367046  0.39264901]
 [ 0.26289864 -0.22873814  0.02681732 -0.25042831 -0.2222051 ]
 [ 0.24933554  0.18953374  0.10317746 -0.03558438 -0.44117454]]
b1= 
[[ 0.15918123  0.41329259 -0.40405503 -0.31806666  0.10528628]]
b2= 
[[ 0.07611013 -0.42624029 -0.38489511  0.27695773 -0.25862638]]
W3= 
[[ 0.30707229 -0.01985567 -0.33545974]
 [-0.39554936 -0.1296467  -0.47137811]
 [ 0.18306494 -0.41083102 -0.48486567]
 [-0.19558491  0.36638911 -0.39433368]
 [-0.18488826 -0.0380514   0.24177755]]
b3= 
[[ 0.04716279 -0.37576958  0.13693662]]
W4= 
[[-0.15124944 -0.42220426 -0.67711222]
 [-0.72000168 -0.51027295 -0.78628889]
 [-0.25257989 -0.73742289 -0.79721128]
 [-0.55795628 -0.10987366 -0.72432044]
 [-0.55029692 -0.43606125 -0.21002426]]
b4= 
[[-0.35742077 -0.71157695 -0.29741886]]
Оценка Эпохи  2 1.0
Эпоха  3
X= 
[[1 2]]
Y=  0
Критик  0
Z=  [[0.47456038 0.27353172 0.2519079 ]]
ВЕСА до Update
W1= 
[[ 0.03615638  0.38889462  0.01780213  0.38422366 -0.31228872]
 [-0.02526271 -0.68776525 -0.6172721  -0.61852871 -0.53978277]]
W2= 
[[-0.11512413 -0.03013676  0.09149903 -0.39350404 -0.4327165 ]
 [ 0.25465583  0.03900656 -0.09786382 -0.30354322 -0.18751595]
 [-0.04307914  0.1408001  -0.1209442  -0.32381296  0.39246257]
 [ 0.26358789 -0.22887921  0.02770108 -0.25071366 -0.22257842]
 [ 0.24970468  0.18945819  0.10365078 -0.0357372  -0.44137448]]
b1= 
[[ 0.15953001  0.41354415 -0.40415021 -0.31775196  0.10548333]]
b2= 
[[ 0.07962051 -0.42695879 -0.38039408  0.27550444 -0.26052773]]
W3= 
[[ 0.31494842 -0.05400862 -0.38421687]
 [-0.42647212 -0.16665173 -0.52444413]
 [ 0.18078963 -0.46177839 -0.53887584]
 [-0.21422068  0.35207369 -0.44491151]
 [-0.20676848 -0.07001065  0.22383408]]
b3= 
[[ 0.05709371 -0.43479114  0.10404228]]
W4= 
[[-0.13483302 -0.43068535 -0.68504755]
 [-0.70811159 -0.51641563 -0.79203629]
 [-0.24010665 -0.74386685 -0.80324057]
 [-0.54358281 -0.11729931 -0.73126825]
 [-0.53951064 -0.44163368 -0.21523811]]
b4= 
[[-0.32703428 -0.72727528 -0.31210701]]
Оценка Эпохи  3 1.0
Эпоха  4
X= 
[[3 1]]
Y=  0
Критик  0
Z=  [[0.5125668  0.25011412 0.23731908]]
ВЕСА до Update
W1= 
[[ 0.03647373  0.38916349  0.01765519  0.38457161 -0.31193503]
 [-0.024628   -0.68722752 -0.61756598 -0.6178328  -0.53907539]]
W2= 
[[-0.11317914 -0.03045231  0.09395649 -0.39418702 -0.43365263]
 [ 0.25596352  0.03879441 -0.09621158 -0.30400242 -0.18814535]
 [-0.04248035  0.14070295 -0.12018765 -0.32402322  0.39217438]
 [ 0.26444662 -0.22901853  0.02878607 -0.2510152  -0.22299173]
 [ 0.25048985  0.18933081  0.10464282 -0.03601292 -0.44175239]]
b1= 
[[ 0.15984736  0.41381302 -0.40429715 -0.317404    0.10583702]]
b2= 
[[ 0.0832477  -0.42754724 -0.3758112   0.27423075 -0.26227351]]
W3= 
[[ 0.32326923 -0.08838822 -0.43319203]
 [-0.45721738 -0.2037457  -0.5775987 ]
 [ 0.17856223 -0.51274709 -0.59291258]
 [-0.2332605   0.33797262 -0.49529965]
 [-0.22894629 -0.10181197  0.20603026]]
b3= 
[[ 0.06706501 -0.493825    0.07111983]]
W4= 
[[-0.11870448 -0.43900493 -0.69285651]
 [-0.69657211 -0.52236804 -0.79762337]
 [-0.22813712 -0.75004109 -0.80903585]
 [-0.53024114 -0.12418134 -0.73772789]
 [-0.52949311 -0.44680102 -0.22008829]]
b4= 
[[-0.2979499  -0.74227787 -0.3261888 ]]
Оценка Эпохи  4 1.0
Эпоха  5
X= 
[[5 0]]
Y=  0
Критик  0
Z=  [[0.5479699  0.22878512 0.22324498]]
ВЕСА до Update
W1= 
[[ 0.0372975   0.38982805  0.01703263  0.38589895 -0.31095379]
 [-0.02435341 -0.68700599 -0.6177735  -0.61739035 -0.53874831]]
W2= 
[[-0.11115664 -0.03069751  0.09650522 -0.39476348 -0.43452897]
 [ 0.25852287  0.03848411 -0.09298632 -0.30473189 -0.1892543 ]
 [-0.04148832  0.14058268 -0.1189375  -0.32430598  0.39174453]
 [ 0.26644585 -0.22926091  0.03130548 -0.25158502 -0.22385799]
 [ 0.25122107  0.18924215  0.1055643  -0.03622133 -0.44206922]]
b1= 
[[ 0.16012196  0.41403454 -0.40450467 -0.31696156  0.1061641 ]]
b2= 
[[ 0.08685379 -0.42798444 -0.37126685  0.27320294 -0.26383601]]
W3= 
[[ 0.33252073 -0.12312685 -0.48273886]
 [-0.48841832 -0.24052128 -0.630616  ]
 [ 0.17599071 -0.56345147 -0.64686953]
 [-0.25403056  0.32485691 -0.5449429 ]
 [-0.25186212 -0.13316124  0.18851242]]
b3= 
[[ 0.07667938 -0.55246237  0.03815784]]
W4= 
[[-0.1022521  -0.44738945 -0.70092437]
 [-0.68592785 -0.5277926  -0.80284306]
 [-0.21696704 -0.75573362 -0.8145134 ]
 [-0.51914371 -0.12983685 -0.74316981]
 [-0.52059685 -0.45133476 -0.22445081]]
b4= 
[[-0.27032656 -0.75635537 -0.33973465]]
Оценка Эпохи  5 1.0
Эпоха  6
X= 
[[2 2]]
Y=  0
Критик  0
Z=  [[0.56456589 0.22652341 0.2089107 ]]
ВЕСА до Update
W1= 
[[ 0.03849904  0.3902249   0.01579342  0.38706634 -0.30943823]
 [-0.02435341 -0.68700599 -0.6177735  -0.61739035 -0.53874831]]
W2= 
[[-0.10907354 -0.0308794   0.09913557 -0.39524434 -0.43536312]
 [ 0.26177299  0.03820033 -0.08888236 -0.30548214 -0.19055576]
 [-0.03999181  0.14045201 -0.11704785 -0.32465143  0.39114528]
 [ 0.26941073 -0.22951979  0.03504925 -0.25226943 -0.22504523]
 [ 0.25189749  0.18918309  0.10641841 -0.03637747 -0.44234008]]
b1= 
[[ 0.16036226  0.41411391 -0.40475251 -0.31672808  0.10646721]]
b2= 
[[ 0.09040982 -0.42829493 -0.36677663  0.27238208 -0.26525997]]
W3= 
[[ 0.34234446 -0.15804561 -0.53267779]
 [-0.5199733  -0.27704691 -0.6835292 ]
 [ 0.17319908 -0.61397017 -0.70079203]
 [-0.27606993  0.3124573  -0.59403294]
 [-0.27516557 -0.16425521  0.17112689]]
b3= 
[[ 0.08599706 -0.61076588  0.00515868]]
W4= 
[[-0.08579909 -0.45568615 -0.70908068]
 [-0.67602989 -0.53278381 -0.80774981]
 [-0.206424   -0.76105012 -0.81973994]
 [-0.50975239 -0.13457258 -0.7478254 ]
 [-0.51241887 -0.45545864 -0.22850491]]
b4= 
[[-0.24399853 -0.76963171 -0.35278633]]
Оценка Эпохи  6 1.0
Эпоха  7
X= 
[[0 0]]
Y=  0
Критик  0
Z=  [[0.60312849 0.2061512  0.19072031]]
ВЕСА до Update
W1= 
[[ 0.03899738  0.39078082  0.0155156   0.38784214 -0.3088563 ]
 [-0.02385506 -0.68645007 -0.61805132 -0.61661455 -0.53816638]]
W2= 
[[-0.10696587 -0.03102336  0.10167573 -0.3957232  -0.43613131]
 [ 0.26352708  0.03808052 -0.08676833 -0.30588067 -0.19119509]
 [-0.03934926  0.14040812 -0.11627345 -0.32479741  0.39091109]
 [ 0.27062397 -0.22960266  0.03651146 -0.25254508 -0.22548743]
 [ 0.25255017  0.18913851  0.10720502 -0.03652576 -0.44257797]]
b1= 
[[ 0.16061144  0.41439187 -0.40489142 -0.31634018  0.10675817]]
b2= 
[[ 0.09426278 -0.42855811 -0.36213303  0.27150668 -0.26666427]]
W3= 
[[ 0.35116428 -0.19264737 -0.58192981]
 [-0.55091644 -0.31401381 -0.73661297]
 [ 0.17103115 -0.66494435 -0.75488277]
 [-0.29570869  0.2986929  -0.6441588 ]
 [-0.29758011 -0.19591305  0.15341633]]
b3= 
[[ 0.09597959 -0.66974279 -0.02783194]]
W4= 
[[-0.07119702 -0.46318615 -0.71618276]
 [-0.66597443 -0.53794855 -0.81264053]
 [-0.1957425  -0.76653642 -0.82493515]
 [-0.49830892 -0.14045024 -0.75339121]
 [-0.50370997 -0.45993176 -0.2327407 ]]
b4= 
[[-0.21825794 -0.78285274 -0.3653059 ]]
Оценка Эпохи  7 1.0
Эпоха  8
X= 
[[0 3]]
Y=  0
Критик  0
Z=  [[0.6151824  0.20320737 0.18161024]]
ВЕСА до Update
W1= 
[[ 0.03899738  0.39078082  0.0155156   0.38784214 -0.3088563 ]
 [-0.02385506 -0.68645007 -0.61805132 -0.61661455 -0.53816638]]
W2= 
[[-0.1049818  -0.0311163   0.1041042  -0.3961102  -0.436789  ]
 [ 0.2657392   0.0379769  -0.08406074 -0.30631216 -0.19192837]
 [-0.03787926  0.14033926 -0.11447419 -0.32508415  0.3904238 ]
 [ 0.27217271 -0.22967521  0.03840708 -0.25284717 -0.22600081]
 [ 0.254485    0.18904788  0.10957323 -0.03690316 -0.44321934]]
b1= 
[[ 0.16083108  0.41463705 -0.40511581 -0.31593699  0.10724241]]
b2= 
[[ 0.09793654 -0.4287302  -0.35763642  0.27079009 -0.26788207]]
W3= 
[[ 0.36050418 -0.22750292 -0.63144811]
 [-0.58164792 -0.35107946 -0.78980964]
 [ 0.16867313 -0.71580808 -0.80889387]
 [-0.31648173  0.28552982 -0.69375171]
 [-0.32077529 -0.22715614  0.13607165]]
b3= 
[[ 0.1053812  -0.72838977 -0.06057156]]
W4= 
[[-0.0564451  -0.47074726 -0.72337356]
 [-0.65597454 -0.54307401 -0.81751496]
 [-0.18556968 -0.7717505  -0.82989387]
 [-0.48841901 -0.14551933 -0.75821204]
 [-0.49609389 -0.46383539 -0.23645315]]
b4= 
[[-0.19387636 -0.79534955 -0.37719067]]
Оценка Эпохи  8 1.0
Эпоха  9
X= 
[[2 2]]
Y=  0
Критик  0
Z=  [[0.65054881 0.18227461 0.16717658]]
ВЕСА до Update
W1= 
[[ 0.03899738  0.39078082  0.0155156   0.38784214 -0.3088563 ]
 [-0.02318562 -0.68599782 -0.6182946  -0.61613332 -0.53724677]]
W2= 
[[-0.10292084 -0.0311763   0.10652047 -0.39648242 -0.4374361 ]
 [ 0.26637775  0.0379583  -0.0833121  -0.30642748 -0.19212886]
 [-0.03750616  0.1403284  -0.11403677 -0.32515153  0.39030666]
 [ 0.27257861 -0.22968702  0.03888296 -0.25292048 -0.22612826]
 [ 0.25520058  0.18902704  0.11041217 -0.0370324  -0.44344401]]
b1= 
[[ 0.16105423  0.4147878  -0.40519691 -0.31577658  0.10754894]]
b2= 
[[ 0.10188245 -0.42884508 -0.35301022  0.27007745 -0.26912101]]
W3= 
[[ 0.36888779 -0.26195497 -0.68041362]
 [-0.61232234 -0.38824355 -0.84296496]
 [ 0.16680983 -0.76700221 -0.86306928]
 [-0.33513798  0.27118284 -0.7442775 ]
 [-0.34277319 -0.25908267  0.11821314]]
b3= 
[[ 0.11558238 -0.78762504 -0.09352246]]
W4= 
[[-0.04352114 -0.47743468 -0.7296101 ]
 [-0.64643933 -0.54800794 -0.82211624]
 [-0.17539014 -0.77701784 -0.83480608]
 [-0.4767264  -0.15156959 -0.76385438]
 [-0.48756482 -0.4682487  -0.2405689 ]]
b4= 
[[-0.16990262 -0.80775461 -0.38875935]]
Оценка Эпохи  9 1.0
Эпоха  10
X= 
[[1 1]]
Y=  0
Критик  0
Z=  [[0.68186609 0.16587884 0.15225507]]
ВЕСА до Update
W1= 
[[ 0.03938404  0.39128341  0.01526667  0.38853032 -0.30830586]
 [-0.02279896 -0.68549524 -0.61854354 -0.61544514 -0.53669633]]
W2= 
[[-0.10085594 -0.0311921   0.10894381 -0.39678434 -0.43803489]
 [ 0.26809668  0.03794515 -0.08129479 -0.30667881 -0.19262732]
 [-0.03687886  0.1403236  -0.11330058 -0.32524325  0.39012475]
 [ 0.27376916 -0.22969613  0.04028017 -0.25309455 -0.2264735 ]
 [ 0.25584164  0.18902214  0.11116451 -0.03712613 -0.44362991]]
b1= 
[[ 0.16124756  0.4150391  -0.40532138 -0.31543249  0.10782416]]
b2= 
[[ 0.10565038 -0.42887391 -0.34858823  0.26952653 -0.27021365]]
W3= 
[[ 0.37765387 -0.29652867 -0.72963996]
 [-0.64334457 -0.42516914 -0.89601094]
 [ 0.16465014 -0.81798079 -0.91716385]
 [-0.35492306  0.25749422 -0.79433281]
 [-0.36533245 -0.2906655   0.10057228]]
b3= 
[[ 0.12527624 -0.846452   -0.12637437]]
W4= 
[[-0.03048641 -0.48411961 -0.73595991]
 [-0.63754417 -0.55256986 -0.82644947]
 [-0.16580805 -0.78193206 -0.83947395]
 [-0.46662327 -0.15675103 -0.76877608]
 [-0.47989495 -0.47218223 -0.24430524]]
b4= 
[[-0.14711742 -0.8194401  -0.39985905]]
Оценка Эпохи  10 1.0
Эпоха  11
X= 
[[2 5]]
Y=  0
Критик  0
Z=  [[0.69171239 0.16333654 0.14495107]]
ВЕСА до Update
W1= 
[[ 0.03955783  0.3915186   0.01510214  0.38887458 -0.30790264]
 [-0.02262517 -0.68526004 -0.61870806 -0.61510088 -0.53629311]]
W2= 
[[-0.09889979 -0.03117634  0.11125086 -0.39702892 -0.43856178]
 [ 0.2700019   0.0379605  -0.0790478  -0.30691702 -0.1931405 ]
 [-0.03591845  0.14033134 -0.11216789 -0.32536333  0.38986606]
 [ 0.27509032 -0.22968549  0.04183833 -0.25325974 -0.22682935]
 [ 0.25700461  0.18903151  0.1125361  -0.03727154 -0.44394316]]
b1= 
[[ 0.16142135  0.41527429 -0.4054859  -0.31508822  0.10822738]]
b2= 
[[ 0.10924397 -0.42884496 -0.34434998  0.26907721 -0.27118159]]
W3= 
[[ 0.3865532  -0.33116276 -0.77893916]
 [-0.67435746 -0.46209347 -0.94906754]
 [ 0.16237929 -0.86889487 -0.97121176]
 [-0.37519472  0.24406595 -0.84416191]
 [-0.38823224 -0.32206571  0.08308934]]
b3= 
[[ 0.13461442 -0.90507802 -0.15907152]]
W4= 
[[-0.01764929 -0.49069536 -0.74222127]
 [-0.6288815  -0.55700728 -0.83067473]
 [-0.15662144 -0.78663786 -0.84395476]
 [-0.45737909 -0.16148632 -0.77328496]
 [-0.47284265 -0.47579474 -0.24774504]]
b4= 
[[-0.12538197 -0.830574   -0.41046061]]
Оценка Эпохи  11 1.0
Эпоха  12
X= 
[[0 2]]
Y=  0
Критик  0
Z=  [[0.72550098 0.14521822 0.1292808 ]]
ВЕСА до Update
W1= 
[[ 0.03990959  0.39169506  0.01505245  0.38907036 -0.30775677]
 [-0.02174578 -0.68481889 -0.61883228 -0.61461143 -0.53592842]]
W2= 
[[-0.09688949 -0.0311418   0.11354738 -0.39726265 -0.43907997]
 [ 0.27036957  0.03796682 -0.07862778 -0.30695977 -0.19323527]
 [-0.03580425  0.1403333  -0.11203742 -0.32537661  0.38983663]
 [ 0.27534856 -0.22968105  0.04213334 -0.25328977 -0.22689592]
 [ 0.25715423  0.18903408  0.11270702 -0.03728893 -0.44398172]]
b1= 
[[ 0.16159723  0.41536252 -0.40551075 -0.31499033  0.10830032]]
b2= 
[[ 0.1130241  -0.42878001 -0.34003168  0.2686377  -0.27215598]]
W3= 
[[ 0.39479376 -0.36552252 -0.82785391]
 [-0.70521033 -0.4991524  -1.00214955]
 [ 0.16052957 -0.92008467 -1.02540509]
 [-0.3938279   0.22971784 -0.89470964]
 [-0.41013234 -0.35403529  0.06517607]]
b3= 
[[ 0.14471527 -0.96423277 -0.19200261]]
W4= 
[[-0.00635256 -0.49653029 -0.74768307]
 [-0.62052389 -0.56132411 -0.83471551]
 [-0.14745292 -0.79137354 -0.8483876 ]
 [-0.44667754 -0.16701383 -0.77845901]
 [-0.46498255 -0.47985459 -0.25154528]]
b4= 
[[-0.10397323 -0.84163192 -0.42081143]]
Оценка Эпохи  12 1.0
Эпоха  13
X= 
[[2 1]]
Y=  0
Критик  0
Z=  [[0.7567722  0.12630595 0.11692185]]
ВЕСА до Update
W1= 
[[ 0.03990959  0.39169506  0.01505245  0.38907036 -0.30775677]
 [-0.02143974 -0.6844581  -0.61904256 -0.61421023 -0.53522637]]
W2= 
[[-0.09503517 -0.03108473  0.11568146 -0.39744281 -0.43951901]
 [ 0.27134324  0.03799679 -0.07750722 -0.30705437 -0.1934658 ]
 [-0.0352368   0.14035077 -0.11138436 -0.32543174  0.38970227]
 [ 0.27596466 -0.22966209  0.04284239 -0.25334963 -0.22704179]
 [ 0.25812138  0.18906385  0.11382009 -0.0373829  -0.44421071]]
b1= 
[[ 0.16175025  0.41554292 -0.40561589 -0.31478974  0.10865135]]
b2= 
[[ 0.11652616 -0.42867222 -0.33600126  0.26829745 -0.27298516]]
W3= 
[[ 0.40327754 -0.39999487 -0.87689929]
 [-0.73611567 -0.53617191 -1.0552185 ]
 [ 0.15846321 -0.97114724 -1.07950901]
 [-0.41327579  0.21581487 -0.94488781]
 [-0.43265144 -0.38566704  0.04754397]]
b3= 
[[ 0.15424205 -1.02305443 -0.22469272]]
W4= 
[[ 0.00505036 -0.50240814 -0.75320814]
 [-0.61238667 -0.56551859 -0.83865825]
 [-0.13873078 -0.79586953 -0.85261375]
 [-0.43721972 -0.17188904 -0.78304161]
 [-0.45806248 -0.48342168 -0.25489827]]
b4= 
[[-0.08369458 -0.85208494 -0.43063706]]
Оценка Эпохи  13 1.0
Эпоха  14
X= 
[[2 0]]
Y=  0
Критик  0
Z=  [[0.78361674 0.11149181 0.10489146]]
ВЕСА до Update
W1= 
[[ 0.04016952  0.39206424  0.01477161  0.38967815 -0.30713946]
 [-0.02130978 -0.68427351 -0.61918298 -0.61390634 -0.53491772]]
W2= 
[[-0.09326771 -0.03100028  0.11774725 -0.39756598 -0.43991627]
 [ 0.27333702  0.03809205 -0.07517689 -0.30719331 -0.19391393]
 [-0.03437661  0.14039187 -0.11037898 -0.32549169  0.38950894]
 [ 0.27743759 -0.22959171  0.04456393 -0.25345227 -0.22737285]
 [ 0.25895204  0.18910354  0.11479096 -0.03744079 -0.44439741]]
b1= 
[[ 0.16188021  0.41572751 -0.40575631 -0.31448584  0.10896   ]]
b2= 
[[ 0.11971187 -0.42852001 -0.33227784  0.26807545 -0.27370118]]
W3= 
[[ 0.41205405 -0.43453293 -0.9261717 ]
 [-0.76736006 -0.5729542  -1.10818563]
 [ 0.15611382 -1.0219972  -1.13354249]
 [-0.43373349  0.2025069  -0.99465116]
 [-0.45563945 -0.41700341  0.03008541]]
b3= 
[[ 0.16326688 -1.08146274 -0.25729424]]
W4= 
[[ 0.01666721 -0.50832997 -0.75890316]
 [-0.604848   -0.56936152 -0.84235399]
 [-0.13054003 -0.80004486 -0.85662917]
 [-0.42930174 -0.17592532 -0.78692331]
 [-0.45189899 -0.48656359 -0.25791985]]
b4= 
[[-0.06443732 -0.86190155 -0.4400777 ]]
Оценка Эпохи  14 1.0
Эпоха  15
X= 
[[5 4]]
Y=  0
Критик  0
Z=  [[0.7902686  0.11018499 0.09954641]]
ВЕСА до Update
W1= 
[[ 0.04039841  0.3923158   0.01445817  0.39019836 -0.30645242]
 [-0.02130978 -0.68427351 -0.61918298 -0.61390634 -0.53491772]]
W2= 
[[-0.09164245 -0.03090046  0.11968309 -0.39765056 -0.44026489]
 [ 0.27556636  0.03822897 -0.07252154 -0.30730933 -0.19439213]
 [-0.03319583  0.14046439 -0.10897256 -0.32555314  0.38925565]
 [ 0.27921923 -0.22948229  0.04668604 -0.25354499 -0.22775502]
 [ 0.26004362  0.18917057  0.11609114 -0.03749759 -0.44463156]]
b1= 
[[ 0.16199466  0.41585329 -0.40591303 -0.31422574  0.10930352]]
b2= 
[[ 0.12261276 -0.42834185 -0.32882259  0.26792448 -0.27432343]]
W3= 
[[ 0.42097042 -0.46910615 -0.97554881]
 [-0.79869488 -0.60966608 -1.16113275]
 [ 0.15363528 -1.07275478 -1.18753923]
 [-0.45472531  0.18949885 -1.04418031]
 [-0.47890343 -0.44817826  0.01274129]]
b3= 
[[ 0.17197025 -1.13964464 -0.28980071]]
W4= 
[[ 0.02822714 -0.51419484 -0.76459823]
 [-0.59761085 -0.57303325 -0.84591941]
 [-0.12272198 -0.80401131 -0.86048078]
 [-0.42234171 -0.17945646 -0.79035221]
 [-0.44627703 -0.48941586 -0.26068954]]
b4= 
[[-0.04608239 -0.87121383 -0.44912036]]
Оценка Эпохи  15 1.0
Эпоха  16
X= 
[[3 5]]
Y=  0
Критик  0
Z=  [[0.80301615 0.10490262 0.09208123]]
ВЕСА до Update
W1= 
[[ 0.04097165  0.39325305  0.01428535  0.39143303 -0.30624781]
 [-0.02085118 -0.68352371 -0.61932123 -0.6129186  -0.53475403]]
W2= 
[[-0.08988746 -0.030792    0.1216703  -0.39774261 -0.44061899]
 [ 0.27683362  0.03830729 -0.0710866  -0.3073758  -0.19464782]
 [-0.03302082  0.1404752  -0.10877438 -0.32556232  0.38922034]
 [ 0.28016266 -0.22942399  0.0477543  -0.25359447 -0.22794537]
 [ 0.26012866  0.18917583  0.11618743 -0.03750205 -0.44464872]]
b1= 
[[ 0.1621093   0.41604074 -0.40594759 -0.3139788   0.10934444]]
b2= 
[[ 0.12569581 -0.4281513  -0.3253316   0.26776277 -0.27494549]]
W3= 
[[ 0.42959862 -0.50359279 -1.02472432]
 [-0.8299071  -0.64648258 -1.21409783]
 [ 0.15152795 -1.12375053 -1.24166898]
 [-0.47451676  0.17582277 -1.0942418 ]
 [-0.50153428 -0.47971633 -0.00487273]]
b3= 
[[ 0.18141009 -1.19831496 -0.32255522]]
W4= 
[[ 0.03853988 -0.51947597 -0.76962983]
 [-0.59070389 -0.57657029 -0.84928933]
 [-0.11490554 -0.80801409 -0.86429443]
 [-0.41408945 -0.18368242 -0.7943785 ]
 [-0.44011165 -0.49257314 -0.26369764]]
b4= 
[[-0.02793205 -0.88050858 -0.45797595]]
Оценка Эпохи  16 1.0
Эпоха  17
X= 
[[4 4]]
Y=  0
Критик  0
Z=  [[0.8255495  0.0922495  0.08220101]]
ВЕСА до Update
W1= 
[[ 0.04130807  0.39353009  0.01423001  0.39174005 -0.30611804]
 [-0.02029048 -0.68306198 -0.61941347 -0.6124069  -0.53453775]]
W2= 
[[-0.08822265 -0.03068124  0.12353039 -0.39782318 -0.44093943]
 [ 0.27725882  0.03833558 -0.07061151 -0.30739638 -0.19472966]
 [-0.03292772  0.1404814  -0.10867036 -0.32556682  0.38920242]
 [ 0.28046615 -0.22940379  0.0480934  -0.25360916 -0.22800379]
 [ 0.26021966  0.18918189  0.11628911 -0.03750646 -0.44466624]]
b1= 
[[ 0.16222144  0.41613308 -0.40596604 -0.31387647  0.1093877 ]]
b2= 
[[ 0.12875012 -0.4279481  -0.32191902  0.26761497 -0.27553338]]
W3= 
[[ 0.43809218 -0.53804316 -1.07380147]
 [-0.86087758 -0.68345102 -1.26715273]
 [ 0.14962994 -1.17488411 -1.29587024]
 [-0.49369168  0.16179117 -1.14456431]
 [-0.52377596 -0.51148208 -0.02264824]]
b3= 
[[ 0.19123646 -1.25725246 -0.35542909]]
W4= 
[[ 0.04805297 -0.52437649 -0.77424241]
 [-0.58382166 -0.58011556 -0.85262629]
 [-0.10721598 -0.81197524 -0.86802283]
 [-0.40536238 -0.18817803 -0.79860996]
 [-0.43370151 -0.49587522 -0.2668057 ]]
b4= 
[[-0.01022952 -0.88962776 -0.4665593 ]]
Оценка Эпохи  17 1.0
Эпоха  18
X= 
[[5 2]]
Y=  0
Критик  0
Z=  [[0.8515655  0.07676724 0.07166726]]
ВЕСА до Update
W1= 
[[ 0.04169686  0.39413304  0.01410949  0.3924715  -0.30592272]
 [-0.01990169 -0.68245903 -0.61953399 -0.61167545 -0.53434243]]
W2= 
[[-0.08665179 -0.03056137  0.12529138 -0.39787475 -0.44122463]
 [ 0.27816163  0.03840447 -0.06959944 -0.30742602 -0.19489357]
 [-0.03277127  0.14049333 -0.10849498 -0.32557196  0.38917402]
 [ 0.28111573 -0.22935423  0.0488216  -0.25363049 -0.22812172]
 [ 0.26032381  0.18918983  0.11640586 -0.03750988 -0.44468514]]
b1= 
[[ 0.16231864  0.41628382 -0.40599617 -0.3136936   0.10943653]]
b2= 
[[ 0.13154891 -0.42773454 -0.31878148  0.26752308 -0.2760415 ]]
W3= 
[[ 0.44672285 -0.57253595 -1.1229733 ]
 [-0.89196299 -0.72033726 -1.32017489]
 [ 0.14764941 -1.22595004 -1.35005662]
 [-0.51322414  0.14797547 -1.19474517]
 [-0.54624034 -0.5431103  -0.04033859]]
b3= 
[[ 0.20088406 -1.31604015 -0.38827399]]
W4= 
[[ 0.05753275 -0.52923823 -0.77886044]
 [-0.57731669 -0.58345166 -0.85579516]
 [-0.09987224 -0.81574151 -0.87160031]
 [-0.39746304 -0.19222924 -0.80245809]
 [-0.4278335  -0.49888465 -0.26966427]]
b4= 
[[ 0.00669536 -0.89830775 -0.47480419]]
Оценка Эпохи  18 1.0
Эпоха  19
X= 
[[1 5]]
Y=  0
Критик  0
Z=  [[0.8525561  0.07924985 0.06819405]]
ВЕСА до Update
W1= 
[[ 0.04209354  0.39468776  0.01375258  0.39349823 -0.30550797]
 [-0.01974302 -0.68223714 -0.61967676 -0.61126476 -0.53417653]]
W2= 
[[-0.08525921 -0.03043497  0.12690114 -0.39788894 -0.44146713]
 [ 0.27992117  0.03856418 -0.06756548 -0.30744395 -0.19519998]
 [-0.03236074  0.1405306  -0.10802042 -0.32557614  0.38910253]
 [ 0.28256274 -0.22922288  0.05049429 -0.25364523 -0.2283737 ]
 [ 0.26050719  0.18920648  0.11661784 -0.03751175 -0.44471708]]
b1= 
[[ 0.16239798  0.41639477 -0.40606755 -0.31348826  0.10951948]]
b2= 
[[ 0.13394164 -0.42751734 -0.31601557  0.2674987  -0.27645818]]
W3= 
[[ 0.45560693 -0.60709368 -1.17233361]
 [-0.92330533 -0.75704572 -1.3731179 ]
 [ 0.14546281 -1.27685862 -1.40419429]
 [-0.53353419  0.13461595 -1.24460462]
 [-0.56913849 -0.5744739  -0.05785979]]
b3= 
[[ 0.21011298 -1.3744942  -0.42103385]]
W4= 
[[ 0.06738063 -0.53423231 -0.78371425]
 [-0.57134019 -0.58648247 -0.85874085]
 [-0.09297283 -0.81924036 -0.87500088]
 [-0.39104949 -0.1954817  -0.80561919]
 [-0.4228084  -0.50143299 -0.27214103]]
b4= 
[[ 0.02269817 -0.90642313 -0.48269162]]
Оценка Эпохи  19 1.0
Эпоха  20
X= 
[[3 1]]
Y=  0
Критик  0
Z=  [[0.88074825 0.06189718 0.05735457]]
ВЕСА до Update
W1= 
[[ 0.04217981  0.3947288   0.01373806  0.39354128 -0.30544504]
 [-0.01931169 -0.68203194 -0.61974935 -0.61104953 -0.53386191]]
W2= 
[[-0.08390364 -0.03031858  0.12840122 -0.39792005 -0.44169033]
 [ 0.28009919  0.03857947 -0.06736848 -0.30744803 -0.19522929]
 [-0.03228457  0.14053714 -0.10793614 -0.32557789  0.38908999]
 [ 0.28268765 -0.22921216  0.05063252 -0.2536481  -0.22839427]
 [ 0.26064577  0.18921838  0.1167712  -0.03751493 -0.4447399 ]]
b1= 
[[ 0.16248424  0.41643581 -0.40608207 -0.31344521  0.1095824 ]]
b2= 
[[ 0.13651672 -0.42729625 -0.31316599  0.26743961 -0.27688218]]
W3= 
[[ 0.46433144 -0.64165295 -1.22153281]
 [-0.95414473 -0.79407607 -1.42624196]
 [ 0.14372832 -1.32807003 -1.45848123]
 [-0.55258332  0.12052504 -1.29499361]
 [-0.59128941 -0.60628172 -0.075684  ]]
b3= 
[[ 0.22024626 -1.43357347 -0.45407286]]
W4= 
[[ 0.07589264 -0.53862358 -0.78783498]
 [-0.56508388 -0.58971005 -0.86176958]
 [-0.08598406 -0.8228458  -0.8783842 ]
 [-0.38302444 -0.19962175 -0.80950418]
 [-0.41695833 -0.50445099 -0.2749731 ]]
b4= 
[[ 0.03864593 -0.91465044 -0.49041207]]
Оценка Эпохи  20 1.0
Эпоха  21
X= 
[[5 3]]
Y=  0
Критик  0
Z=  [[0.88946188 0.05793096 0.05260716]]
ВЕСА до Update
W1= 
[[ 0.04237596  0.3950255   0.01348596  0.39407645 -0.30495143]
 [-0.0192463  -0.68193304 -0.61983338 -0.61087114 -0.53369737]]
W2= 
[[-0.08273552 -0.03019642  0.12975219 -0.39791345 -0.44187572]
 [ 0.28157164  0.03873346 -0.06566553 -0.30743971 -0.19546298]
 [-0.03172428  0.14059573 -0.10728814 -0.32557472  0.38900106]
 [ 0.28384889 -0.22909071  0.05197553 -0.25364154 -0.22857856]
 [ 0.26107306  0.18926306  0.11726536 -0.03751251 -0.44480771]]
b1= 
[[ 0.16254963  0.4165347  -0.4061661  -0.31326682  0.10974694]]
b2= 
[[ 0.13857681 -0.4270808  -0.31078343  0.26745124 -0.27720912]]
W3= 
[[ 0.47336445 -0.67628894 -1.27096378]
 [-0.98527308 -0.8308959  -1.47928759]
 [ 0.14170065 -1.37906159 -1.51269484]
 [-0.57269982  0.10706482 -1.34494591]
 [-0.61404277 -0.6377207  -0.09327459]]
b3= 
[[ 0.22977836 -1.49218615 -0.48697728]]
W4= 
[[ 0.08513513 -0.54331311 -0.79238794]
 [-0.55935473 -0.59261696 -0.86459182]
 [-0.07952306 -0.82612404 -0.88156696]
 [-0.37711313 -0.20262108 -0.81241616]
 [-0.41228671 -0.50682132 -0.27727439]]
b4= 
[[ 0.05352929 -0.92220209 -0.49774378]]
Оценка Эпохи  21 1.0
Эпоха  22
X= 
[[3 1]]
Y=  0
Критик  0
Z=  [[0.90440011 0.04972346 0.04587643]]
ВЕСА до Update
W1= 
[[ 0.04268067  0.39560899  0.0133052   0.39495484 -0.30473576]
 [-0.01906348 -0.68158295 -0.61994184 -0.61034411 -0.53356797]]
W2= 
[[-0.08156755 -0.0300737   0.13107293 -0.3979041  -0.44205061]
 [ 0.28275395  0.03885768 -0.06432859 -0.30743025 -0.19564001]
 [-0.03152257  0.14061693 -0.10706005 -0.32557311  0.38897086]
 [ 0.28477    -0.22899393  0.05301711 -0.25363416 -0.22871649]
 [ 0.26116735  0.18927297  0.11737199 -0.03751176 -0.44482183]]
b1= 
[[ 0.16261057  0.4166514  -0.40620226 -0.31309114  0.10979008]]
b2= 
[[ 0.14059572 -0.42686868 -0.30850045  0.26746741 -0.27751143]]
W3= 
[[ 0.48249351 -0.7109873  -1.32042843]
 [-1.01629824 -0.86777717 -1.53237497]
 [ 0.13986732 -1.43016316 -1.56699278]
 [-0.59244982  0.09340542 -1.39506553]
 [-0.63659589 -0.66927042 -0.11095471]]
b3= 
[[ 0.23972227 -1.55103352 -0.52005881]]
W4= 
[[ 0.09383178 -0.54774203 -0.79665568]
 [-0.55386952 -0.59541039 -0.8672836 ]
 [-0.07316856 -0.82936017 -0.88468533]
 [-0.37089112 -0.20578974 -0.81546951]
 [-0.4075629  -0.509227   -0.27959253]]
b4= 
[[ 0.0680898  -0.92961727 -0.50488911]]
Оценка Эпохи  22 1.0
Эпоха  23
X= 
[[0 4]]
Y=  0
Критик  0
Z=  [[0.90449632 0.0517502  0.04375348]]
ВЕСА до Update
W1= 
[[ 0.0428401   0.39586323  0.01309375  0.39540802 -0.30431468]
 [-0.01901034 -0.6814982  -0.62001232 -0.61019305 -0.53342761]]
W2= 
[[-0.08056428 -0.02995768  0.13222983 -0.39788453 -0.44219616]
 [ 0.28401878  0.03900395 -0.06287009 -0.30740557 -0.1958235 ]
 [-0.0310423   0.14067247 -0.10650623 -0.32556374  0.38890119]
 [ 0.28576886 -0.22887842  0.05416892 -0.25361468 -0.2288614 ]
 [ 0.2615348   0.18931546  0.1177957  -0.03750459 -0.44487514]]
b1= 
[[ 0.16266371  0.41673615 -0.40627274 -0.31294008  0.10993044]]
b2= 
[[ 0.14236366 -0.42666423 -0.3064618   0.2675019  -0.27776791]]
W3= 
[[ 0.49180194 -0.74575844 -1.36999968]
 [-1.04725738 -0.90467993 -1.58550688]
 [ 0.13805438 -1.48126055 -1.6213153 ]
 [-0.61235976  0.07984336 -1.44512255]
 [-0.6591999  -0.70078279 -0.12862127]]
b3= 
[[ 0.24971017 -1.60986989 -0.55319533]]
W4= 
[[ 0.10251228 -0.55214597 -0.80093223]
 [-0.54850567 -0.59813168 -0.86992617]
 [-0.06708699 -0.83244558 -0.88768149]
 [-0.36536092 -0.20859542 -0.81819403]
 [-0.40319787 -0.51144154 -0.28174301]]
b4= 
[[ 0.08201844 -0.93668379 -0.51175122]]
Оценка Эпохи  23 1.0
Эпоха  24
X= 
[[1 3]]
Y=  0
Критик  0
Z=  [[0.91672726 0.0448484  0.03842434]]
ВЕСА до Update
W1= 
[[ 0.0428401   0.39586323  0.01309375  0.39540802 -0.30431468]
 [-0.01878252 -0.68134456 -0.62008383 -0.61004203 -0.53305596]]
W2= 
[[-0.07956599 -0.02985075  0.13332629 -0.39788028 -0.44233048]
 [ 0.2841917   0.03902247 -0.06268016 -0.30740484 -0.19584677]
 [-0.03094119  0.1406833  -0.10639518 -0.32556331  0.38888758]
 [ 0.28588345 -0.22886615  0.05429478 -0.25361419 -0.22887681]
 [ 0.26175819  0.18933939  0.11804106 -0.03750364 -0.44490519]]
b1= 
[[ 0.16272067  0.41677456 -0.40629062 -0.31290232  0.11002335]]
b2= 
[[ 0.1442774  -0.42645925 -0.30435985  0.26751004 -0.27802541]]
W3= 
[[ 0.50115444 -0.78061031 -1.41953427]
 [-1.07783338 -0.94182412 -1.63878051]
 [ 0.13663771 -1.53261114 -1.67578088]
 [-0.6313394   0.06574431 -1.49557289]
 [-0.68126301 -0.73261494 -0.14650896]]
b3= 
[[ 0.26052886 -1.66924486 -0.58662406]]
W4= 
[[ 0.11007561 -0.55604735 -0.80459419]
 [-0.5429914  -0.60097609 -0.87259602]
 [-0.06092498 -0.83562412 -0.89066496]
 [-0.35841118 -0.21218029 -0.82155891]
 [-0.39816922 -0.51403546 -0.28417775]]
b4= 
[[ 0.09594992 -0.94387004 -0.51849646]]
Оценка Эпохи  24 1.0
Эпоха  25
X= 
[[1 5]]
Y=  0
Критик  0
Z=  [[0.9228878  0.04186143 0.03525077]]
ВЕСА до Update
W1= 
[[ 0.04288899  0.39593521  0.01306619  0.39548277 -0.30421616]
 [-0.01863583 -0.68112863 -0.62016651 -0.60981778 -0.53276038]]
W2= 
[[-0.07864506 -0.02974562  0.13434119 -0.39786646 -0.44244861]
 [ 0.284579    0.03906669 -0.06225333 -0.30739903 -0.19589645]
 [-0.03077825  0.1407019  -0.10621561 -0.32556087  0.38886668]
 [ 0.28613775 -0.22883712  0.05457503 -0.25361038 -0.22890943]
 [ 0.26200272  0.18936731  0.11831054 -0.03749997 -0.44493656]]
b1= 
[[ 0.16276956  0.41684654 -0.40631818 -0.31282757  0.11012188]]
b2= 
[[ 0.14599161 -0.42626355 -0.30247073  0.26753575 -0.27824531]]
W3= 
[[ 0.51068248 -0.81553661 -1.46916995]
 [-1.10835314 -0.9789842  -1.69209447]
 [ 0.13528948 -1.58398249 -1.73029414]
 [-0.65035221  0.05168087 -1.54602566]
 [-0.70332866 -0.76443279 -0.1644084 ]]
b3= 
[[ 0.2715032  -1.72866724 -0.620161  ]]
W4= 
[[ 0.11758312 -0.55990643 -0.80824261]
 [-0.53770206 -0.60369496 -0.87516648]
 [-0.05499994 -0.83866977 -0.89354435]
 [-0.35201211 -0.2154696  -0.82466866]
 [-0.39348393 -0.51644384 -0.28645466]]
b4= 
[[ 0.109348   -0.95075705 -0.52500753]]
Оценка Эпохи  25 1.0
Эпоха  26
X= 
[[0 2]]
Y=  0
Критик  0
Z=  [[0.93577166 0.03472608 0.02950226]]
ВЕСА до Update
W1= 
[[ 0.04293494  0.39596084  0.01305751  0.39550912 -0.30417659]
 [-0.01840611 -0.68100046 -0.62020988 -0.60968605 -0.53256256]]
W2= 
[[-0.07777327 -0.02964441  0.13529232 -0.39785118 -0.44255538]
 [ 0.2846939   0.03908003 -0.06212798 -0.30739701 -0.19591053]
 [-0.03072958  0.14070755 -0.10616252 -0.32556001  0.38886072]
 [ 0.28621858 -0.22882773  0.05466322 -0.25360896 -0.22891933]
 [ 0.26209231  0.18937771  0.11840829 -0.0374984  -0.44494753]]
b1= 
[[ 0.16281551  0.41687217 -0.40632685 -0.31280123  0.11016144]]
b2= 
[[ 0.14764244 -0.42607191 -0.30066965  0.2675647  -0.27844748]]
W3= 
[[ 0.52035927 -0.85054257 -1.51887474]
 [-1.13870098 -1.01623655 -1.74548809]
 [ 0.13414795 -1.6354648  -1.78490315]
 [-0.66902092  0.03743253 -1.59663763]
 [-0.72515352 -0.79638002 -0.18241926]]
b3= 
[[ 0.28293892 -1.78833727 -0.65391168]]
W4= 
[[ 0.12464556 -0.56354525 -0.81166623]
 [-0.5325455  -0.60635181 -0.8776662 ]
 [-0.04918561 -0.84166552 -0.89636293]
 [-0.34540704 -0.21887277 -0.82787056]
 [-0.38867783 -0.51892011 -0.28878448]]
b4= 
[[ 0.12247949 -0.95752286 -0.53137321]]
Оценка Эпохи  26 1.0
Эпоха  27
X= 
[[3 5]]
Y=  0
Критик  0
Z=  [[0.93952827 0.03274438 0.02772735]]
ВЕСА до Update
W1= 
[[ 0.04293494  0.39596084  0.01305751  0.39550912 -0.30417659]
 [-0.01833058 -0.68086825 -0.62027954 -0.60954832 -0.532301  ]]
W2= 
[[-0.07703173 -0.02955197  0.1361137  -0.39783131 -0.44264077]
 [ 0.2850844   0.0391287  -0.06169545 -0.30738655 -0.19595549]
 [-0.03050417  0.14073565 -0.10591284 -0.32555397  0.38883476]
 [ 0.28646649 -0.22879683  0.05493782 -0.25360232 -0.22894788]
 [ 0.26248005  0.18942604  0.11883777 -0.03748801 -0.44499218]]
b1= 
[[ 0.16285327  0.41693828 -0.40636168 -0.31273236  0.11029222]]
b2= 
[[ 0.14903773 -0.42589798 -0.29912415  0.26760208 -0.27860815]]
W3= 
[[ 0.53022827 -0.88563611 -1.56868416]
 [-1.16898338 -1.0535127  -1.79892335]
 [ 0.13304497 -1.68695506 -1.83954276]
 [-0.68781202  0.0232642  -1.64720722]
 [-0.74706849 -0.82826846 -0.20039879]]
b3= 
[[ 0.29444038 -1.84801386 -0.68772156]]
W4= 
[[ 0.131827   -0.56723606 -0.81515686]
 [-0.52752706 -0.60893097 -0.88010548]
 [-0.04363289 -0.84451926 -0.8990619 ]
 [-0.33959844 -0.22185803 -0.83069391]
 [-0.38445447 -0.52109065 -0.2908373 ]]
b4= 
[[ 0.13495609 -0.96393505 -0.53743762]]
Оценка Эпохи  27 1.0
Эпоха  28
X= 
[[4 5]]
Y=  0
Критик  0
Z=  [[0.94688788 0.02869894 0.02441317]]
ВЕСА до Update
W1= 
[[ 0.04304086  0.39607868  0.01303557  0.39563566 -0.30412031]
 [-0.01815404 -0.68067185 -0.62031612 -0.60933742 -0.53220721]]
W2= 
[[-0.07627635 -0.02945715  0.1369357  -0.39780715 -0.4427247 ]
 [ 0.28527935  0.03915318 -0.06148329 -0.30738032 -0.19597715]
 [-0.03046266  0.14074086 -0.10586766 -0.32555265  0.38883015]
 [ 0.28660678 -0.22877922  0.05509048 -0.25359783 -0.22896347]
 [ 0.26252176  0.18943128  0.11888316 -0.03748668 -0.44499682]]
b1= 
[[ 0.16288858  0.41697755 -0.40636899 -0.31269018  0.11031098]]
b2= 
[[ 0.15041155 -0.42572553 -0.29762916  0.26764603 -0.2787608 ]]
W3= 
[[ 0.54029095 -0.92082493 -1.61859197]
 [-1.19909883 -1.09087239 -1.85244202]
 [ 0.13217667 -1.73856455 -1.89429781]
 [-0.70624649  0.00891154 -1.69794912]
 [-0.76871507 -0.8602958  -0.21850781]]
b3= 
[[ 0.30648301 -1.90796577 -0.72179727]]
W4= 
[[ 0.13856009 -0.57069561 -0.8184304 ]
 [-0.5227231  -0.61139931 -0.8824411 ]
 [-0.03816127 -0.84733066 -0.90172213]
 [-0.33352714 -0.22497754 -0.83364569]
 [-0.38001167 -0.52337342 -0.29299733]]
b4= 
[[ 0.14729382 -0.97027434 -0.54343606]]
Оценка Эпохи  28 1.0
Эпоха  29
X= 
[[1 0]]
Y=  0
Критик  0
Z=  [[0.95968534 0.02123621 0.01907845]]
ВЕСА до Update
W1= 
[[ 0.04316313  0.39626115  0.0130089   0.39583886 -0.30406969]
 [-0.01800121 -0.68044376 -0.62034946 -0.60908342 -0.53214392]]
W2= 
[[-0.07558091 -0.02936657  0.13769253 -0.39777978 -0.44279823]
 [ 0.28552427  0.03918508 -0.06121675 -0.30737068 -0.19600305]
 [-0.03042471  0.1407458  -0.10582637 -0.32555115  0.38882614]
 [ 0.28678622 -0.22875585  0.05528576 -0.25359077 -0.22898244]
 [ 0.26254978  0.18943493  0.11891365 -0.03748558 -0.44499978]]
b1= 
[[ 0.16291915  0.41702317 -0.40637566 -0.31263938  0.11032363]]
b2= 
[[ 0.15165172 -0.425564   -0.29627951  0.26769483 -0.27889192]]
W3= 
[[ 0.55055577 -0.95611017 -1.66860551]
 [-1.22909452 -1.12828779 -1.90602475]
 [ 0.13145473 -1.7902428  -1.94913046]
 [-0.72454822 -0.00550154 -1.74876332]
 [-0.79026177 -0.89236884 -0.23667102]]
b3= 
[[ 0.31885278 -1.96807119 -0.75604661]]
W4= 
[[ 0.14516329 -0.57408299 -0.82164622]
 [-0.51809461 -0.61377368 -0.88469522]
 [-0.03285586 -0.85005228 -0.90430592]
 [-0.32774062 -0.22794597 -0.83646378]
 [-0.37576795 -0.52555041 -0.29506406]]
b4= 
[[ 0.15924707 -0.97640623 -0.54925741]]
Оценка Эпохи  29 1.0
Эпоха  30
X= 
[[4 0]]
Y=  0
Критик  0
Z=  [[0.96493287 0.01798079 0.01708634]]
ВЕСА до Update
W1= 
[[ 0.04318602  0.39630432  0.01296702  0.39591271 -0.3039631 ]
 [-0.01800121 -0.68044376 -0.62034946 -0.60908342 -0.53214392]]
W2= 
[[-0.0750788  -0.02929081  0.13827339 -0.39775008 -0.44285024]
 [ 0.28615521  0.03928028 -0.06048685 -0.30733335 -0.19606841]
 [-0.03005778  0.14080117 -0.10540189 -0.32552944  0.38878813]
 [ 0.2872605  -0.22868428  0.05583443 -0.25356271 -0.22903157]
 [ 0.26296116  0.189497    0.11938955 -0.03746124 -0.44504239]]
b1= 
[[ 0.16294204  0.41706634 -0.40641754 -0.31256553  0.11043023]]
b2= 
[[ 0.15256242 -0.42542658 -0.29522598  0.2677487  -0.27898625]]
W3= 
[[ 0.56105273 -0.9914885  -1.71875809]
 [-1.25904898 -1.16570499 -1.9596469 ]
 [ 0.13072996 -1.84189697 -2.00398436]
 [-0.7431172  -0.01975041 -1.79947449]
 [-0.81195179 -0.92434895 -0.25478384]]
b3= 
[[ 0.33121205 -2.0281202  -0.79034187]]
W4= 
[[ 0.15225566 -0.57768475 -0.82513683]
 [-0.51360536 -0.61605349 -0.88690467]
 [-0.02790877 -0.85256459 -0.9067407 ]
 [-0.32339329 -0.2301537  -0.83860338]
 [-0.37237067 -0.52727567 -0.29673608]]
b4= 
[[ 0.17037655 -0.98205819 -0.55473493]]
Оценка Эпохи  30 1.0
Эпоха  31
X= 
[[4 1]]
Y=  0
Критик  0
Z=  [[0.96817672 0.01653417 0.01528911]]
ВЕСА до Update
W1= 
[[ 0.04326245  0.39637773  0.01281425  0.39608849 -0.30367731]
 [-0.01800121 -0.68044376 -0.62034946 -0.60908342 -0.53214392]]
W2= 
[[-0.07461137 -0.02921572  0.13882147 -0.39771418 -0.44289907]
 [ 0.28686144  0.03939373 -0.05965879 -0.30727912 -0.19614218]
 [-0.02972731  0.14085426 -0.1050144  -0.32550407  0.38875361]
 [ 0.28788648 -0.22858372  0.05656841 -0.25351464 -0.22909696]
 [ 0.26316053  0.18952903  0.11962332 -0.03744593 -0.44506322]]
b1= 
[[ 0.16296114  0.41708469 -0.40645573 -0.31252159  0.11050167]]
b2= 
[[ 0.153364   -0.42529781 -0.2942861   0.26781026 -0.27906999]]
W3= 
[[ 0.57182977 -1.02698715 -1.76907045]
 [-1.28890704 -1.20315708 -2.01333056]
 [ 0.13016128 -1.89361502 -2.05893048]
 [-0.76161826 -0.03402009 -1.85023278]
 [-0.83353711 -0.95637165 -0.27295877]]
b3= 
[[ 0.34394354 -2.08832367 -0.82485488]]
W4= 
[[ 0.15934821 -0.58125099 -0.82866314]
 [-0.50946546 -0.61813508 -0.88896296]
 [-0.02313127 -0.85496679 -0.909116  ]
 [-0.31949411 -0.23211426 -0.840542  ]
 [-0.36910059 -0.52891991 -0.29836192]]
b4= 
[[ 0.18121555 -0.9875082  -0.56012393]]
Оценка Эпохи  31 1.0
Эпоха  32
X= 
[[2 1]]
Y=  0
Критик  0
Z=  [[0.97139145 0.0151537  0.01345485]]
ВЕСА до Update
W1= 
[[ 0.04333142  0.39648944  0.0126988   0.39630736 -0.30348144]
 [-0.01798396 -0.68041584 -0.62037832 -0.6090287  -0.53209496]]
W2= 
[[-0.07416983 -0.02914596  0.1393279  -0.39768066 -0.44294186]
 [ 0.28746369  0.03948888 -0.05896801 -0.3072334  -0.19620055]
 [-0.02951847  0.14088725 -0.10477487 -0.32548821  0.38873337]
 [ 0.28838983 -0.2285042   0.05714574 -0.25347643 -0.22914574]
 [ 0.26328484  0.18954867  0.1197659  -0.03743649 -0.44507527]]
b1= 
[[ 0.16297839  0.41711262 -0.4064846  -0.31246687  0.11055064]]
b2= 
[[ 0.15412679 -0.42517729 -0.29341119  0.26786817 -0.27914392]]
W3= 
[[ 0.58287115 -1.06262549 -1.81950743]
 [-1.31859309 -1.24069986 -2.06709554]
 [ 0.12980109 -1.94544287 -2.11397528]
 [-0.77989232 -0.04840868 -1.90109915]
 [-0.8549661  -0.98847653 -0.29120784]]
b3= 
[[ 0.35714145 -2.14877285 -0.8595886 ]]
W4= 
[[ 0.16612283 -0.58467231 -0.83201644]
 [-0.50543002 -0.62017307 -0.89096042]
 [-0.0184286  -0.85734173 -0.91144373]
 [-0.31539592 -0.23418394 -0.84257052]
 [-0.36581943 -0.53057697 -0.29998602]]
b4= 
[[ 0.19185456 -0.99288112 -0.56539002]]
Оценка Эпохи  32 1.0
Эпоха  33
X= 
[[4 0]]
Y=  0
Критик  0
Z=  [[0.97628706 0.01217957 0.01153337]]
ВЕСА до Update
W1= 
[[ 0.04336297  0.39656367  0.01264721  0.39642099 -0.30335239]
 [-0.01796819 -0.68037872 -0.62040411 -0.60897189 -0.53203043]]
W2= 
[[-0.07377116 -0.02908329  0.13977774 -0.39765205 -0.44297743]
 [ 0.28791365  0.03955962 -0.0584603  -0.30720111 -0.19624069]
 [-0.02932641  0.14091744 -0.10455816 -0.32547443  0.38871623]
 [ 0.28872428 -0.22845162  0.05752311 -0.25345243 -0.22917558]
 [ 0.26347312  0.18957827  0.11997835 -0.03742298 -0.44509207]]
b1= 
[[ 0.16299416  0.41714974 -0.40651039 -0.31241005  0.11061517]]
b2= 
[[ 0.15484169 -0.42506491 -0.29260454  0.26791947 -0.27920769]]
W3= 
[[ 0.59416563 -1.09840049 -1.87006087]
 [-1.34807833 -1.27835022 -2.12095375]
 [ 0.12964677 -1.99738137 -2.16911531]
 [-0.79793821 -0.06291922 -1.95207175]
 [-0.87623779 -1.02066576 -0.30952986]]
b3= 
[[ 0.37079284 -2.20946592 -0.89453192]]
W4= 
[[ 0.17257063 -0.58794918 -0.83518738]
 [-0.50134613 -0.62224856 -0.89296882]
 [-0.01380622 -0.85969089 -0.91371695]
 [-0.3111308  -0.23635153 -0.84466804]
 [-0.36252792 -0.53224976 -0.30160475]]
b4= 
[[ 0.20225236 -0.99816543 -0.57050351]]
Оценка Эпохи  33 1.0
Эпоха  34
X= 
[[1 2]]
Y=  0
Критик  0
Z=  [[0.97653405 0.01273154 0.01073441]]
ВЕСА до Update
W1= 
[[ 0.04341357  0.39661685  0.01253802  0.39654707 -0.30314458]
 [-0.01796819 -0.68037872 -0.62040411 -0.60897189 -0.53203043]]
W2= 
[[-0.07342897 -0.02902442  0.14017754 -0.39762101 -0.44300853]
 [ 0.28843057  0.03964854 -0.05785638 -0.30715422 -0.19628767]
 [-0.02908475  0.14095902 -0.10427582 -0.32545251  0.38869427]
 [ 0.28918262 -0.22837277  0.0580586  -0.25341085 -0.22921724]
 [ 0.26361932  0.18960342  0.12014916 -0.03740972 -0.44510535]]
b1= 
[[ 0.16300681  0.41716303 -0.40653769 -0.31237853  0.11066712]]
b2= 
[[ 0.15542832 -0.42496399 -0.29191916  0.26797269 -0.27926101]]
W3= 
[[ 0.60573826 -1.13429897 -1.92076898]
 [-1.37744908 -1.31604732 -2.1748797 ]
 [ 0.1296406  -2.04938224 -2.2243411 ]
 [-0.81593757 -0.07744132 -2.00307931]
 [-0.89742941 -1.05288645 -0.32790051]]
b3= 
[[ 0.38478584 -2.27030358 -0.92967225]]
W4= 
[[ 0.1791404  -0.59125246 -0.83845386]
 [-0.49751766 -0.62417351 -0.89487234]
 [-0.00937281 -0.86192001 -0.91592124]
 [-0.30752623 -0.23816391 -0.84646024]
 [-0.35950799 -0.53376818 -0.30310625]]
b4= 
[[ 0.21227018 -1.00320239 -0.57548437]]
Оценка Эпохи  34 1.0
Эпоха  35
X= 
[[2 2]]
Y=  0
Критик  0
Z=  [[0.97971211 0.01091994 0.00936796]]
ВЕСА до Update
W1= 
[[ 0.04342651  0.39664997  0.01252297  0.39658412 -0.30309467]
 [-0.01794231 -0.68031247 -0.62043421 -0.60889779 -0.53193062]]
W2= 
[[-0.07308512 -0.02897086  0.1405543  -0.3975972  -0.44303504]
 [ 0.28866289  0.03968473 -0.05760181 -0.30713813 -0.19630558]
 [-0.02898133  0.14097513 -0.1041625  -0.32544534  0.3886863 ]
 [ 0.28933692 -0.22834874  0.05822768 -0.25340016 -0.22922913]
 [ 0.26375975  0.18962529  0.12030303 -0.03739999 -0.44511618]]
b1= 
[[ 0.16301975  0.41719616 -0.40655274 -0.31234149  0.11071702]]
b2= 
[[ 0.15606211 -0.42486528 -0.2912247   0.26801658 -0.27930987]]
W3= 
[[ 0.61756715 -1.17034952 -1.97158127]
 [-1.406567   -1.35388818 -2.22891474]
 [ 0.12990286 -2.10153661 -2.27968185]
 [-0.83355084 -0.0921776  -2.05425878]
 [-0.91838041 -1.08524244 -0.34637645]]
b3= 
[[ 0.39936742 -2.33147849 -0.96506391]]
W4= 
[[ 0.18501169 -0.59425795 -0.84131966]
 [-0.49353369 -0.62621289 -0.89681692]
 [-0.0048917  -0.86421388 -0.91810848]
 [-0.30297087 -0.24049578 -0.84868372]
 [-0.35614174 -0.53549136 -0.30474933]]
b4= 
[[ 0.22229801 -1.00833561 -0.58037899]]
Оценка Эпохи  35 1.0
Эпоха  36
X= 
[[0 3]]
Y=  0
Критик  0
Z=  [[0.98110529 0.01043116 0.00846355]]
ВЕСА до Update
W1= 
[[ 0.04344823  0.39671179  0.01249601  0.39666095 -0.30302136]
 [-0.01792058 -0.68025065 -0.62046117 -0.60882096 -0.5318573 ]]
W2= 
[[-0.07277571 -0.02892106  0.14089438 -0.39757305 -0.44305801]
 [ 0.28892155  0.03972637 -0.05731751 -0.30711794 -0.19632478]
 [-0.02888913  0.14098997 -0.10406116 -0.32543815  0.38867945]
 [ 0.28951792 -0.2283196   0.05842662 -0.25338604 -0.22924257]
 [ 0.26385691  0.18964093  0.12040982 -0.03739241 -0.44512339]]
b1= 
[[ 0.16303061  0.41722707 -0.40656621 -0.31230307  0.11075368]]
b2= 
[[ 0.15662133 -0.42477526 -0.29061004  0.26806023 -0.27935139]]
W3= 
[[ 0.62965581 -1.20652701 -2.0225264 ]
 [-1.43552844 -1.3918047  -2.28303059]
 [ 0.13034989 -2.15378072 -2.33511761]
 [-0.85099623 -0.10699457 -2.10552544]
 [-0.93919876 -1.11766261 -0.36492088]]
b3= 
[[ 0.4143663  -2.39285625 -1.00067003]]
W4= 
[[ 1.90818357e-01 -5.97220697e-01 -8.44163581e-01]
 [-4.89709961e-01 -6.28163883e-01 -8.98689667e-01]
 [-5.39305385e-04 -8.66434608e-01 -9.20240148e-01]
 [-2.98663488e-01 -2.42693546e-01 -8.50793340e-01]
 [-3.52908253e-01 -5.37141183e-01 -3.06332989e-01]]
b4= 
[[ 0.23206042 -1.0133167  -0.5851603 ]]
Оценка Эпохи  36 1.0
Эпоха  37
X= 
[[0 4]]
Y=  0
Критик  0
Z=  [[0.98299152 0.00943044 0.00757804]]
ВЕСА до Update
W1= 
[[ 0.04344823  0.39671179  0.01249601  0.39666095 -0.30302136]
 [-0.01788952 -0.6802002  -0.62048438 -0.60877267 -0.53174673]]
W2= 
[[-0.07248929 -0.02887604  0.14120331 -0.39755311 -0.4430771 ]
 [ 0.28901103  0.03974043 -0.057221   -0.30711171 -0.19633075]
 [-0.02883817  0.14099798 -0.1040062  -0.3254346   0.38867606]
 [ 0.28957517 -0.2283106   0.05848837 -0.25338205 -0.22924639]
 [ 0.26395724  0.1896567   0.12051803 -0.03738542 -0.44513008]]
b1= 
[[ 0.16304097  0.41724388 -0.40657395 -0.31228697  0.11079054]]
b2= 
[[ 0.15716452 -0.42468989 -0.29002417  0.26809805 -0.27938759]]
W3= 
[[ 0.64199032 -1.24283677 -2.0735851 ]
 [-1.46428039 -1.42983394 -2.33724321]
 [ 0.13102611 -2.20614815 -2.39065925]
 [-0.86814816 -0.12196946 -2.15692765]
 [-0.9598188  -1.15018948 -0.38355691]]
b3= 
[[ 0.42987016 -2.45450573 -1.03650941]]
W4= 
[[ 0.19622353 -0.60000002 -0.84678943]
 [-0.48586003 -0.63014351 -0.90055998]
 [ 0.00378642 -0.86865888 -0.9223416 ]
 [-0.29397576 -0.24510396 -0.85307065]
 [-0.34952343 -0.53888165 -0.30797734]]
b4= 
[[ 0.24170738 -1.01827713 -0.58984682]]
Оценка Эпохи  37 1.0
Эпоха  38
X= 
[[3 4]]
Y=  0
Критик  0
Z=  [[0.98549989 0.00793164 0.00656846]]
ВЕСА до Update
W1= 
[[ 0.04344823  0.39671179  0.01249601  0.39666095 -0.30302136]
 [-0.0178527  -0.68016291 -0.62050103 -0.60873709 -0.53165312]]
W2= 
[[-0.07222603 -0.02883433  0.14148529 -0.39753419 -0.44309352]
 [ 0.28905676  0.03974768 -0.05717202 -0.30710842 -0.1963336 ]
 [-0.02881163  0.14100218 -0.10397776 -0.32543269  0.3886744 ]
 [ 0.2896055  -0.2283058   0.05852085 -0.25337987 -0.22924828]
 [ 0.26401641  0.18966607  0.12058141 -0.03738117 -0.44513377]]
b1= 
[[ 0.16305017  0.41725321 -0.40657811 -0.31227808  0.11081394]]
b2= 
[[ 0.15766803 -0.42461011 -0.28948485  0.26813422 -0.279419  ]]
W3= 
[[ 0.65456949 -1.27927109 -2.12476391]
 [-1.49284901 -1.46795679 -2.39154556]
 [ 0.1319119  -2.25862268 -2.44630335]
 [-0.88505312 -0.1370711  -2.20845007]
 [-0.98026055 -1.18280787 -0.40227972]]
b3= 
[[ 0.44584306 -2.51639495 -1.07257808]]
W4= 
[[ 0.2014201  -0.60267388 -0.84931214]
 [-0.48210019 -0.63207811 -0.90238522]
 [ 0.00803395 -0.87084442 -0.92440359]
 [-0.28924468 -0.24753831 -0.85536739]
 [-0.34610755 -0.54063927 -0.30963561]]
b4= 
[[ 0.25119076 -1.02315674 -0.5944506 ]]
Оценка Эпохи  38 1.0
Эпоха  39
X= 
[[0 2]]
Y=  0
Критик  0
Z=  [[0.98800742 0.00661311 0.00537947]]
ВЕСА до Update
W1= 
[[ 0.04347047  0.39676574  0.01248462  0.39671909 -0.30299287]
 [-0.01782306 -0.68009098 -0.62051621 -0.60865956 -0.53161514]]
W2= 
[[-0.07198273 -0.02879444  0.14174638 -0.39751393 -0.4431082 ]
 [ 0.2891651   0.03976544 -0.05705576 -0.3070994  -0.19634014]
 [-0.02878769  0.14100611 -0.10395208 -0.3254307   0.38867296]
 [ 0.28968176 -0.22829329  0.05860269 -0.25337352 -0.22925288]
 [ 0.26403873  0.18966973  0.12060536 -0.03737931 -0.44513512]]
b1= 
[[ 0.16305758  0.41727119 -0.40658191 -0.3122587   0.11082344]]
b2= 
[[ 0.1581062  -0.42453826 -0.28901466  0.26817071 -0.27944544]]
W3= 
[[ 0.66739854 -1.31582749 -2.17607052]
 [-1.52126112 -1.50615504 -2.445929  ]
 [ 0.13298453 -2.31118773 -2.50204377]
 [-0.9017771  -0.15225914 -2.26006707]
 [-1.00056306 -1.2154932  -0.42107483]]
b3= 
[[ 0.4622369  -2.5784883  -1.10886357]]
W4= 
[[ 0.20661284 -0.60533235 -0.85184642]
 [-0.47851273 -0.63391474 -0.90413605]
 [ 0.01215677 -0.87295513 -0.9264157 ]
 [-0.28484182 -0.24979238 -0.85751617]
 [-0.34286874 -0.5422974  -0.31121628]]
b4= 
[[ 0.2604223  -1.0278829  -0.59895597]]
Оценка Эпохи  39 1.0
Эпоха  40
X= 
[[4 1]]
Y=  0
Критик  0
Z=  [[0.99062871 0.00489719 0.0044741 ]]
ВЕСА до Update
W1= 
[[ 0.04347047  0.39676574  0.01248462  0.39671909 -0.30299287]
 [-0.01781071 -0.68005858 -0.62053275 -0.60862673 -0.53154907]]
W2= 
[[-0.07178761 -0.02876139  0.14195798 -0.39749745 -0.44311889]
 [ 0.28926795  0.03978286 -0.05694422 -0.30709071 -0.19634577]
 [-0.02872846  0.14101614 -0.10388785 -0.3254257   0.38866971]
 [ 0.28974709 -0.22828223  0.05867353 -0.253368   -0.22925646]
 [ 0.26414087  0.18968703  0.12071614 -0.03737068 -0.44514072]]
b1= 
[[ 0.16306376  0.41728739 -0.40659018 -0.31224228  0.11085647]]
b2= 
[[ 0.1584731  -0.42447612 -0.28861676  0.2682017  -0.27946555]]
W3= 
[[ 0.68047262 -1.35250903 -2.22749701]
 [-1.54950122 -1.5444412  -2.50039656]
 [ 0.13423925 -2.36384549 -2.55787357]
 [-0.91832344 -0.1675372  -2.31177169]
 [-1.02074021 -1.24824191 -0.43993191]]
b3= 
[[ 0.47903072 -2.6407851  -1.14534558]]
W4= 
[[ 0.21176079 -0.60797292 -0.85435379]
 [-0.47493533 -0.63574971 -0.90587846]
 [ 0.01614952 -0.87500316 -0.92836042]
 [-0.28070575 -0.25191393 -0.85953069]
 [-0.33986673 -0.54383724 -0.31267845]]
b4= 
[[ 0.26930349 -1.03243839 -0.60328167]]
Оценка Эпохи  40 1.0
Эпоха  41
X= 
[[1 2]]
Y=  0
Критик  0
Z=  [[0.9910263  0.00491305 0.00406064]]
ВЕСА до Update
W1= 
[[ 0.04348813  0.39680466  0.01244441  0.3967941  -0.30292243]
 [-0.0178063  -0.68004885 -0.6205428  -0.60860798 -0.53153146]]
W2= 
[[-0.07162505 -0.02873081  0.14214201 -0.39747886 -0.44312861]
 [ 0.28948968  0.03982456 -0.05669321 -0.30706535 -0.19635902]
 [-0.0286517   0.14103058 -0.10380095 -0.32541692  0.38866512]
 [ 0.28993252 -0.22824735  0.05888346 -0.25334679 -0.22926754]
 [ 0.26418676  0.18969566  0.12076808 -0.03736544 -0.44514346]]
b1= 
[[ 0.16306817  0.41729712 -0.40660023 -0.31222353  0.11087408]]
b2= 
[[ 0.1587538  -0.42442332 -0.28829898  0.26823381 -0.27948232]]
W3= 
[[ 0.6938231  -1.38931842 -2.27907205]
 [-1.57761435 -1.58278279 -2.55493565]
 [ 0.13565701 -2.41657606 -2.6137936 ]
 [-0.9347771  -0.18285157 -2.36353269]
 [-1.04082144 -1.28103168 -0.45884386]]
b3= 
[[ 0.49619766 -2.70324923 -1.18203339]]
W4= 
[[ 0.21721637 -0.61072465 -0.85705764]
 [-0.4716951  -0.63738405 -0.90748436]
 [ 0.01994642 -0.87691827 -0.93024221]
 [-0.27741734 -0.25357256 -0.86116047]
 [-0.33723747 -0.54516341 -0.31398154]]
b4= 
[[ 0.27783779 -1.03674299 -0.60751138]]
Оценка Эпохи  41 1.0
Эпоха  42
X= 
[[5 5]]
Y=  0
Критик  0
Z=  [[0.99172669 0.00453571 0.00373761]]
ВЕСА до Update
W1= 
[[ 0.04349244  0.39681898  0.01243789  0.39680995 -0.30290032]
 [-0.01779768 -0.68002022 -0.62055584 -0.60857627 -0.53148725]]
W2= 
[[-0.0714695  -0.0287033   0.14231061 -0.39746383 -0.44313619]
 [ 0.28959482  0.03984316 -0.05657924 -0.3070552  -0.19636415]
 [-0.02860495  0.14103885 -0.10375027 -0.3254124   0.38866284]
 [ 0.29000237 -0.228235    0.05895917 -0.25334004 -0.22927095]
 [ 0.26425034  0.18970691  0.120837   -0.03735929 -0.44514656]]
b1= 
[[ 0.16307248  0.41731143 -0.40660675 -0.31220767  0.11089619]]
b2= 
[[ 0.15904046 -0.42437263 -0.28798827  0.2682615  -0.2794963 ]]
W3= 
[[ 0.70743419 -1.42626758 -2.33076794]
 [-1.60552444 -1.62123289 -2.60956926]
 [ 0.13729541 -2.46942466 -2.66981625]
 [-0.95097452 -0.1983026  -2.41541326]
 [-1.0607251  -1.31391628 -0.47783854]]
b3= 
[[ 0.51385315 -2.76597474 -1.21894836]]
W4= 
[[ 0.22220015 -0.61327265 -0.85949342]
 [-0.46831903 -0.6391101  -0.90913438]
 [ 0.02375361 -0.87886474 -0.93210294]
 [-0.27355846 -0.25554545 -0.86304646]
 [-0.33438744 -0.54662052 -0.31537447]]
b4= 
[[ 0.28633131 -1.04108539 -0.6116625 ]]
Оценка Эпохи  42 1.0
Эпоха  43
X= 
[[0 5]]
Y=  0
Критик  0
Z=  [[0.99247948 0.0042142  0.00330632]]
ВЕСА до Update
W1= 
[[ 0.04351118  0.39687683  0.01243115  0.39687593 -0.30289022]
 [-0.01777893 -0.67996237 -0.62056258 -0.60851029 -0.53147715]]
W2= 
[[-0.07131261 -0.02867584  0.14247798 -0.39744825 -0.44314328]
 [ 0.28966861  0.03985608 -0.05650052 -0.30704787 -0.19636748]
 [-0.02859649  0.14104033 -0.10374125 -0.32541156  0.38866246]
 [ 0.29005786 -0.22822528  0.05901837 -0.25333453 -0.22927345]
 [ 0.26425498  0.18970772  0.12084196 -0.03735883 -0.44514677]]
b1= 
[[ 0.16307623  0.417323   -0.4066081  -0.31219448  0.11089821]]
b2= 
[[ 0.15931455 -0.42432464 -0.28769586  0.26828872 -0.27950869]]
W3= 
[[ 0.7212996  -1.46334577 -2.38258911]
 [-1.6332597  -1.65977177 -2.66428894]
 [ 0.13914363 -2.52238005 -2.72594192]
 [-0.96693988 -0.21387212 -2.46740741]
 [-1.08045939 -1.34688733 -0.49691616]]
b3= 
[[ 0.53197838 -2.82893937 -1.25609396]]
W4= 
[[ 0.22696677 -0.61570933 -0.86182337]
 [-0.46506729 -0.64077237 -0.91072385]
 [ 0.02753359 -0.88079704 -0.93395061]
 [-0.26955369 -0.25759267 -0.86500401]
 [-0.33144782 -0.54812323 -0.31681137]]
b4= 
[[ 0.29477915 -1.04540388 -0.61579185]]
Оценка Эпохи  43 1.0
Эпоха  44
X= 
[[0 2]]
Y=  0
Критик  0
Z=  [[0.99413983 0.00325412 0.00260605]]
ВЕСА до Update
W1= 
[[ 0.04351118  0.39687683  0.01243115  0.39687593 -0.30289022]
 [-0.01776137 -0.67994966 -0.62056832 -0.60849784 -0.53143925]]
W2= 
[[-0.07117975 -0.02865272  0.14261859 -0.39743597 -0.44314843]
 [ 0.28968096  0.03985823 -0.05648745 -0.30704673 -0.19636796]
 [-0.02858905  0.14104162 -0.10373337 -0.32541087  0.38866217]
 [ 0.29006651 -0.22822378  0.05902752 -0.25333374 -0.22927379]
 [ 0.2642736   0.18971096  0.12086166 -0.03735711 -0.44514749]]
b1= 
[[ 0.16307974  0.41732555 -0.40660925 -0.31219199  0.11090579]]
b2= 
[[ 0.15957078 -0.42428006 -0.28742469  0.2683124  -0.27951861]]
W3= 
[[ 0.73540339 -1.50054808 -2.43452454]
 [-1.66080923 -1.69840767 -2.71909732]
 [ 0.14119789 -2.57544295 -2.78216612]
 [-0.98265817 -0.22957093 -2.51951932]
 [-1.10001724 -1.37995065 -0.51607792]]
b3= 
[[ 0.55056301 -2.8921437  -1.29345925]]
W4= 
[[ 0.23146894 -0.61802447 -0.86401039]
 [-0.46178176 -0.64246189 -0.91231987]
 [ 0.0312616  -0.88271409 -0.93576157]
 [-0.2653374  -0.25976081 -0.86705216]
 [-0.32839854 -0.54969127 -0.31829262]]
b4= 
[[ 0.30310072 -1.04968308 -0.61983422]]
Оценка Эпохи  44 1.0
Эпоха  45
X= 
[[4 3]]
Y=  0
Критик  0
Z=  [[0.99499567 0.00270862 0.00229571]]
ВЕСА до Update
W1= 
[[ 0.04351118  0.39687683  0.01243115  0.39687593 -0.30289022]
 [-0.01775612 -0.67993251 -0.62057711 -0.60848056 -0.53140368]]
W2= 
[[-0.07107308 -0.02863319  0.14273342 -0.39742507 -0.44315228]
 [ 0.2897372   0.03986852 -0.05642691 -0.30704098 -0.19636999]
 [-0.02855667  0.14104755 -0.10369852 -0.32540756  0.388661  ]
 [ 0.29010223 -0.22821724  0.05906598 -0.25333008 -0.22927508]
 [ 0.26432946  0.18972119  0.12092179 -0.0373514  -0.44514951]]
b1= 
[[ 0.16308236  0.41733412 -0.40661364 -0.31218335  0.11092358]]
b2= 
[[ 0.15977135 -0.42424334 -0.28720878  0.2683329  -0.27952586]]
W3= 
[[ 0.74974869 -1.53787157 -2.48658032]
 [-1.68819867 -1.73712344 -2.77398591]
 [ 0.1434283  -2.62859358 -2.83847875]
 [-0.99821142 -0.24535086 -2.57171516]
 [-1.11945485 -1.4130731  -0.53530081]]
b3= 
[[ 0.56953701 -2.95554182 -1.33102013]]
W4= 
[[ 0.23608508 -0.62039037 -0.86626063]
 [-0.45857622 -0.64410481 -0.91388248]
 [ 0.03484323 -0.88454977 -0.93750751]
 [-0.2616318  -0.26166003 -0.86885854]
 [-0.32570956 -0.55106944 -0.31960343]]
b4= 
[[ 0.31105688 -1.05376082 -0.62371264]]
Оценка Эпохи  45 1.0
Эпоха  46
X= 
[[5 1]]
Y=  0
Критик  0
Z=  [[0.99616233 0.001993   0.00184467]]
ВЕСА до Update
W1= 
[[ 0.04351921  0.39691292  0.01242088  0.39692268 -0.30287194]
 [-0.0177501  -0.67990545 -0.62058481 -0.60844549 -0.53138997]]
W2= 
[[-0.07097374 -0.02861444  0.14284069 -0.39741334 -0.44315594]
 [ 0.28982274  0.03988467 -0.05633454 -0.30703088 -0.19637314]
 [-0.02853959  0.14105077 -0.10368008 -0.32540555  0.38866037]
 [ 0.29016593 -0.22820521  0.05913476 -0.25332256 -0.22927742]
 [ 0.26434048  0.18972327  0.12093369 -0.0373501  -0.44514991]]
b1= 
[[ 0.16308437  0.41734314 -0.4066162  -0.31217166  0.11092814]]
b2= 
[[ 0.15994548 -0.42421047 -0.28702076  0.26835345 -0.27953226]]
W3= 
[[ 0.76435028 -1.57532212 -2.53876531]
 [-1.71543225 -1.77591595 -2.82895364]
 [ 0.14584692 -2.68183726 -2.89488653]
 [-1.01358525 -0.2612191  -2.62400212]
 [-1.13875415 -1.44626386 -0.5545937 ]]
b3= 
[[ 0.58893492 -3.01914967 -1.36879518]]
W4= 
[[ 0.24073283 -0.62275395 -0.8685448 ]
 [-0.4555841  -0.64562643 -0.91535298]
 [ 0.03833611 -0.88632605 -0.93922412]
 [-0.25818097 -0.26341492 -0.87055448]
 [-0.32311918 -0.55238676 -0.32087649]]
b4= 
[[ 0.31887791 -1.05773815 -0.62755634]]
Оценка Эпохи  46 1.0
Эпоха  47
X= 
[[1 1]]
Y=  0
Критик  0
Z=  [[0.99652565 0.00189062 0.00158373]]
ВЕСА до Update
W1= 
[[ 0.04352654  0.3969296   0.01239776  0.39695787 -0.30283941]
 [-0.01774864 -0.67990211 -0.62058943 -0.60843846 -0.53138347]]
W2= 
[[-0.07089694 -0.02859852  0.1429275  -0.39740256 -0.44315901]
 [ 0.28993322  0.03990757 -0.05620965 -0.30701537 -0.19637757]
 [-0.02850367  0.14105822 -0.10363947 -0.3254005   0.38865894]
 [ 0.29026275 -0.22818515  0.0592442  -0.25330897 -0.2292813 ]
 [ 0.26435691  0.18972668  0.12095227 -0.03734779 -0.44515057]]
b1= 
[[ 0.16308584  0.41734648 -0.40662083 -0.31216462  0.11093465]]
b2= 
[[ 0.1600757  -0.42418348 -0.28687356  0.26837173 -0.27953748]]
W3= 
[[ 0.77921712 -1.61290211 -2.59108611]
 [-1.74252263 -1.81477779 -2.88399523]
 [ 0.14843815 -2.73516464 -2.95138323]
 [-1.02883072 -0.27714862 -2.67635615]
 [-1.15794237 -1.47950809 -0.57394419]]
b3= 
[[ 0.60872134 -3.08294597 -1.40677029]]
W4= 
[[ 0.24558789 -0.62519452 -0.87095929]
 [-0.45277511 -0.64703847 -0.91674993]
 [ 0.04167794 -0.88800594 -0.94088606]
 [-0.25536364 -0.26483116 -0.87195557]
 [-0.32083517 -0.5535349  -0.32201235]]
b4= 
[[ 0.3263837  -1.0615112  -0.63128907]]
Оценка Эпохи  47 1.0
Эпоха  48
X= 
[[2 5]]
Y=  0
Критик  0
Z=  [[0.99641695 0.00200802 0.00157503]]
ВЕСА до Update
W1= 
[[ 0.04352789  0.39693589  0.01239375  0.39696612 -0.30282733]
 [-0.01774729 -0.67989582 -0.62059344 -0.60843021 -0.53137138]]
W2= 
[[-0.07082916 -0.02858499  0.14300183 -0.39739415 -0.44316101]
 [ 0.28999933  0.03992077 -0.05613717 -0.30700717 -0.19637952]
 [-0.02847071  0.1410648  -0.10360332 -0.32539641  0.38865796]
 [ 0.29030884 -0.22817594  0.05929474 -0.25330325 -0.22928266]
 [ 0.26439739  0.18973476  0.12099665 -0.03734277 -0.44515176]]
b1= 
[[ 0.16308718  0.41735277 -0.40662484 -0.31215637  0.11094673]]
b2= 
[[ 0.1601996  -0.42415874 -0.2867377   0.26838711 -0.27954113]]
W3= 
[[ 0.79433737 -1.6506137  -2.64352873]
 [-1.76943797 -1.85373053 -2.93912097]
 [ 0.15122051 -2.78859127 -3.0079718 ]
 [-1.04388647 -0.29317665 -2.72880139]
 [-1.17699177 -1.51282441 -0.59336142]]
b3= 
[[ 0.62893171 -3.14696241 -1.44494922]]
W4= 
[[ 0.25012088 -0.62750153 -0.87318528]
 [-0.44981764 -0.64854364 -0.91820223]
 [ 0.04499464 -0.88969394 -0.94251477]
 [-0.25223069 -0.26642563 -0.87349406]
 [-0.31847187 -0.55473767 -0.32317289]]
b4= 
[[ 0.33377049 -1.06527061 -0.63491646]]
Оценка Эпохи  48 1.0
Эпоха  49
X= 
[[3 3]]
Y=  0
Критик  0
Z=  [[0.99719062 0.00154082 0.00126857]]
ВЕСА до Update
W1= 
[[ 0.04353054  0.39694102  0.01239253  0.3969713  -0.30282271]
 [-0.01774065 -0.67988301 -0.6205965  -0.60841726 -0.53135983]]
W2= 
[[-0.07075586 -0.02857126  0.14307886 -0.39738594 -0.44316263]
 [ 0.290013    0.03992333 -0.05612279 -0.30700563 -0.19637982]
 [-0.02846667  0.14106556 -0.10359908 -0.32539596  0.38865787]
 [ 0.29031857 -0.22817412  0.05930497 -0.25330216 -0.22928287]
 [ 0.26440295  0.1897358   0.1210025  -0.03734215 -0.44515189]]
b1= 
[[ 0.16308851  0.41735533 -0.40662545 -0.31215379  0.11094904]]
b2= 
[[ 0.16033527 -0.42413333 -0.28659512  0.2684023  -0.27954413]]
W3= 
[[ 0.80969435 -1.68844807 -2.6960853 ]
 [-1.79617581 -1.89277552 -2.99433194]
 [ 0.15420744 -2.84212427 -3.06465858]
 [-1.05870074 -0.30933058 -2.78136221]
 [-1.19586723 -1.54623137 -0.61286195]]
b3= 
[[ 0.6495992  -3.21121655 -1.48334757]]
W4= 
[[ 0.25422359 -0.62960556 -0.87518394]
 [-0.44687061 -0.65005499 -0.9196379 ]
 [ 0.04836437 -0.89142207 -0.94415636]
 [-0.24848181 -0.26834821 -0.87532035]
 [-0.31574033 -0.55613852 -0.32450358]]
b4= 
[[ 0.34129323 -1.06912859 -0.63858122]]
Оценка Эпохи  49 1.0
